dwfm	uvmu	arjk	tbci	kyxj	vgpl	mddg	dvja	hino	efke	kijs	jfdd	psna	kwde	ltvl	ehhc	dnfe	yovj	zqph	xhth	jvbe	hujr	ccxy	wfzj	axmb	mlkp	nzed	spfd	imca	hgjr	kpnu	jiti	ozlm	luyg	zilv	ttdz	kspr	pdts	ypmy	gkbm	yzrg	tnts	uqyi	eowu	swwc	hltk	ftgn	rjcd	cllq	cfmh	yvov	cule	sfaa	jfum	qsgo	aurr	eszj	cdbv	pprk	hjgg	rxoh	xxez	ylof	dilj	jsqz	ntlb	dwvv	jyou	rjxn	hpgd	eotj	jjud	yoti	qzrf	eogm	xrcw	ubvw	czvv	gqnm	uayz	pnbq	cmcp	ulws	ckgt	qsji	cvxe	lrhg	ldhz	lgmu	vpqv	ncvb	dxmr	umgv	aoma	szfe	gcuo	dvjp	jiee	rqck	nckh
0.4726630796946414	0.9004627669942364	0.8217880697041824	1.032199209900749	0.5254177767083921	1.3731810586893982	1.4119894116174743	1.5203949973509938	0.7419760781147224	1.8371967246143948	1.3677932029839794	1.2169308261411915	0.3587006783464788	1.0387766887701937	0.4806086604716717	0.56631232264686	0.14132471980098948	1.255660751880136	1.66265607746551	1.242159602872594	1.1263998063748846	1.154054748478276	0.9138707578536058	0.66501445639674	1.0043390241137375	1.6082280258127253	0.6627615743345681	0.4072375865560567	1.4167188335919567	0.9153110743175246	0.8281798096946886	0.4380195301065004	0.23194320537794355	0.8549151232256786	1.3990217026212306	0.7856639226268713	1.1088571706869634	1.6707736630029695	1.4782476869255794	1.2462925085206853	1.5141704804404887	1.4624585337403735	1.7604957789365008	1.6406238935658588	0.09384302676428935	1.1937432830074073	0.35838470597826255	1.4167588919080978	0.8149162300071509	1.0269799937800164	1.2883114763636365	0.7178921756905283	1.8647050775378105	0.3076656425106017	1.728483926623622	1.1639291484404657	1.2590142561690636	1.31973272297542	0.9479392643921636	1.3639465232962684	0.9342875856973496	0.8719606730357878	1.5162628024428937	1.7017057911353912	0.8314126089415459	0.8718711242015458	1.1482148626777244	0.07194683518580924	0.4709986256874865	0.803228351037486	1.21240170786783	1.1364735869829754	1.178026862778914	0.37634366955311926	0.8091996328401196	0.7547954187585548	0.6119645058085972	1.2779057773805245	1.0194589748202623	1.3592739278092791	1.3947643136696972	0.9716052005987663	1.0239465427884944	0.9307553231631971	1.5351195846969985	1.2521813356202272	1.1875521135449152	1.3914166243103792	1.1079823944061211	1.8015302485844984	1.1537445677107643	0.7022449602679242	0.9882494196684872	0.7349898543157336	0.23323437619244514	0.14063373547142088	0.9123321824174642	0.9362349748989189	1.0204733525392276	0.41452542932117353
0.9004627669942364	0.05687656343213998	1.2880249298988984	0.9868581633478328	0.2933194260496843	0.4438138360440824	1.389406628646051	0.9746154005556218	1.0150493742548883	1.500280182604076	0.9251600070445203	0.9883741641051136	0.7700643700718937	1.454898524733483	1.1066938711554333	1.0546009899461246	1.5465884631774467	0.2864612536930782	0.2890281237390684	0.9843994382575978	1.6648152962040903	1.0209235618510695	1.3430471063984413	0.5160780066325794	0.8390888526364726	0.7075884032707727	0.998335954823028	0.8586442642293621	0.8388823007638442	0.6732527357062148	1.1350711195835421	1.056645746918418	1.143919777545168	0.9241099782552062	1.2660768594752927	1.0888744248176523	1.121588944961617	0.5811627343703709	1.0878843659304096	0.6733757725070431	1.3746282717595841	1.1571569010965	0.6939389577409945	1.5713620261183119	0.6358828683287057	0.6237760292198042	1.2813945040443067	1.2779617122579818	1.9478371287278584	0.5602630483877353	1.3440099659310671	1.2063583652513936	1.4980635265103954	1.1020849900191363	1.281155497169164	0.8009896588071033	0.7129871550204223	1.6490684803212483	0.9029431407776669	1.392969431276412	0.4226365760439723	1.5731600220767776	0.1624143804893623	0.1722506135727495	0.628640419141753	1.2814346782208836	0.5232633880936788	0.09038551712749543	0.8203490073406654	1.111618803331614	0.5931550153124205	0.8708348462803375	1.57377439663432	1.514193013148714	1.050041517838316	0.556831324324323	0.7367844972961892	0.31605873590825473	0.5809270009671561	0.700616236501727	0.7354642598508996	1.2272256488266233	0.738677480438068	0.6765795060238542	0.5119984681111591	1.0993131242623138	1.4275408148004283	1.1647071116567054	0.6457124264745697	1.5529475481225978	0.40942992158391656	1.4926946163464996	1.5388164528423378	1.5444231670959638	0.4868677549450351	1.59849464927921	1.4685339402613762	0.29156317911489094	0.5318741474702731	0.531933870685537
0.8217880697041824	1.2880249298988984	1.0959412333857923	1.0538421988912343	0.824704487488404	1.6731234059226294	1.660637803959235	0.8830652719576901	0.29319544036084855	1.2450535878547844	0.8214842054739109	1.540492879943355	0.79086436620873	1.2589845417138992	1.0843205734095622	1.0174324668117753	1.0117244559196614	0.7155283098102994	1.3007449906302475	0.9698793198428137	0.9770361398663643	0.5641201983622701	0.5517163479707636	1.6565139068841883	1.0998453319500523	0.5776091834337487	1.1222813992961893	0.9501685829407718	0.7716836005355927	1.8103020480824448	1.203476227884295	0.7663074468720312	0.994819229820348	1.595155494432498	1.4502587895780124	1.026704673278562	1.242903253596811	0.7999140593346539	1.0006086636622729	1.518767940342309	1.6655570709565968	1.2959943368213238	0.7149974025200903	0.8350113323989865	0.9109599244808011	0.8198960306522232	1.132725506594205	0.4055633470947151	0.8695986353922383	1.5383057036185732	0.9496883743492741	1.6425289937482446	1.14162955745056	0.14243107047127967	1.7655180863945965	1.2960125255880088	0.6695264019886937	0.9409192082486084	1.5153479574499518	0.6730132093715344	1.313053734890905	0.8517188838252239	0.5507947940488243	1.5179271479905072	1.0637971752127278	0.7584569066517837	1.0157459243280502	1.3702347079391481	0.8014337600195238	1.159932159839152	0.9351398492070828	0.747133806732371	0.9211260800216869	1.017578379482609	0.46197111637536126	0.5772263546886631	1.3991371093274763	1.454514775752511	0.8089568262540139	0.96481992686627	0.9012114201449823	0.8237167421351677	1.4271338588658797	0.5128293967632773	0.9737658418852875	0.7004018529258693	0.8959758554519506	1.4438754274745407	0.09179167857601911	0.7697061682231265	1.3217754145526894	0.9859214936360907	1.5287568632653368	1.2011740127458503	1.095094102535503	0.6784133692729233	1.1191150419286617	1.4223850575777492	1.1949554433247829	1.0741222518010238
1.032199209900749	0.9868581633478328	1.0538421988912343	1.2478886054555836	1.2678426558169986	0.6990769890221618	0.2571039261813659	0.46626157250588607	0.3681607790822623	1.686440776375568	1.3935029223613393	0.4467564454385651	1.5525055334032933	0.9174156483811002	0.7552421635803002	0.9012838226447746	0.2802155930705532	0.6974780771323779	0.6348843699206601	1.3346291115394782	1.0592836151115257	1.8016780387593354	0.6931047169837117	1.4752576222123042	0.540160767598161	1.3490664459002835	1.2293088328075952	1.2880390908811037	0.5026526892689613	1.2104593007252649	0.9724391316150525	1.4199576365023232	1.1791312668291392	1.389658719717408	1.719389197357568	0.5311878918630883	1.105904722210959	1.2202027095564538	1.0531779468699383	1.3188990786326866	1.7122240344040638	0.7108480520575022	0.5571569510033902	0.9973312791273174	0.9143747902765154	0.8549021483177792	1.2759283669923116	0.7053347206225953	1.2579062324450812	0.6906690752346218	0.6412389153058895	1.158756083200623	1.3115901649619317	1.3253083568104533	0.9017344971518075	0.8785275016929117	1.343433078151136	1.7476242704601361	0.8438582233550975	1.011859603375343	0.4873377163662247	1.29568306251114	0.43648386908832526	0.7378365894575305	1.3594615496343019	1.0347541128925546	1.246809338953629	0.9479471803454529	1.360054125286062	1.7933984293128218	0.9131689187646703	1.5056245628463807	1.496952658623018	1.5058463156904085	1.2626365377482796	1.5503193188641025	1.0313484166140232	1.519308944737187	0.4833958085738168	0.8353667921033943	1.020367461060708	0.8122027384777695	1.3261396987709058	0.7810670159475399	0.3524307275013392	0.8186070168897668	1.3284601227171648	0.5547502732709642	0.3068796229653614	0.787661479541202	0.7663767682743854	1.0047139497439295	1.1942147829311922	1.1564229160947677	0.18531268741389106	0.9994724026013813	0.8293379895287267	1.4236499345752285	1.1569364600821024	0.5397606347532975
0.5254177767083921	0.2933194260496843	0.824704487488404	1.2678426558169986	0.895007885830096	0.8251784184223268	0.6155819161756018	0.6894937208301135	1.1523565287180997	0.3895830637319493	1.3913945982243963	0.9263209418806608	1.0908528358461256	1.8724520218776215	0.8921606174856178	1.2874694258011454	0.7569420619101541	1.099385407941182	1.686747795198474	0.773910383695253	1.157629807340023	0.8566596346139972	1.104861760529698	0.7736761888027992	0.9594783190882039	1.2478537199888338	0.6883645061323158	1.2440407965932727	0.13269226609383278	0.7023973552203051	1.3547259753561558	0.7725436465565256	0.8585543328785203	0.517234352170969	1.2091430054764492	0.31112856479309237	1.5445873318478478	0.6834182786464149	1.615073572294514	0.8801607708124364	0.1515224965725268	0.96489757458457	1.6304004177555336	0.8793889412442035	0.6948064469942723	0.8163015500271669	0.484575835586714	0.7787859686621765	1.0672691770323257	0.9189139979037628	1.0941758042220229	0.36861544295292625	0.02315382656896836	1.149264283449209	1.2404463646214012	0.7805081044356974	1.233765373681365	0.976537608856723	0.8476723434101257	1.2348853904570085	0.799646801014462	0.9580886731051215	0.8683354863265995	0.5404568721027121	0.9070399964636995	0.714431707357758	1.2235944257735274	0.128416815741194	1.0350805052688161	0.9330503177611533	0.4796603710384264	1.734786000909902	1.095000415294043	0.9698017850102485	0.7258860678714778	1.0674382533810114	1.102797196556075	1.4451253156625363	1.1258959383318012	0.42364987092081186	1.4011116334381122	1.3214903415179349	1.3391259725739515	1.43683241448378	0.6797043238609011	0.7003762104875937	1.7412279845049947	0.9686771445249593	0.2640339853608997	1.6197701815286007	1.2338171254483854	0.696031319064573	0.5358531868718222	0.6678658291867074	0.8607675128916419	0.5017095969790935	0.9914724097760097	0.7982488228896378	0.4059655230528747	0.18622694125573402
1.3731810586893982	0.4438138360440824	1.6731234059226294	0.6990769890221618	0.8251784184223268	0.9317104684770201	0.6084534576988483	0.9580588317825582	0.7646716287464874	1.0060096464595003	1.5346756075821413	1.5137785970065882	0.7403518584199607	1.5035511740316183	1.1697802474283443	1.4910263006530529	0.9404429390549707	0.4652014275465508	1.0821563118681072	0.6293395458529434	0.3744613359813347	1.550780806051475	0.8260229665896024	0.9733713333151497	0.7742900628376956	1.3390369331093104	0.8613304190977304	1.0266140291489947	0.3818957348776486	1.189107363047324	0.44563245969303833	0.1458700323053257	1.4825503475209023	0.6264134031880906	0.9106415394153775	1.338187347866196	0.8650581166286162	0.8240061571465032	0.8303747537257213	0.5161965111616322	0.7625560565111185	1.4211525209460127	1.1044444408732736	1.3708966712303594	1.5974269589178545	1.4616703360585224	0.900577614972768	0.778521749080535	0.9294897158662339	0.8584368782499832	0.4244871800937715	1.1163112276428329	1.4058254459473845	0.5930678318859886	1.280367757564337	0.8467938770319727	1.298416999182812	1.1043605456015948	0.4280278371083277	1.0736362739270637	0.1710068250773642	1.46536172994358	0.29383617979948107	1.5264469775893579	0.4617644976092945	1.8583968492171223	0.9149653147098886	1.0383486737261605	0.3081724948422786	0.6126491155917944	0.5561937434001913	0.660157792642361	1.2669357031032698	1.1248559726889644	0.5376777335308864	0.39806758041807644	0.9920902941898555	1.274177191746358	0.38616296515427573	1.2543854573200752	0.8909958215878342	0.5482704960146803	0.5063216868399507	0.44405074577897086	1.5198241204317477	0.625584519267673	0.3257475218464192	0.764525271184038	1.6280681695044363	1.2918275075382037	1.0454942800131288	0.5605686964611702	1.2759466495400547	1.1471659873996933	1.4653490355523184	1.3117016288462529	0.2077563441157113	0.881207241082975	0.9327707601060347	1.7048639209282235
1.4119894116174743	1.389406628646051	1.660637803959235	0.2571039261813659	0.6155819161756018	0.6084534576988483	1.5180484624112558	1.2669778222859707	1.0879655616146409	1.0933623316984038	0.6091806554863002	0.8935316521248349	1.2908995099997487	1.2503263727841314	0.5011297702055046	0.5377459101554438	0.3316748818954125	0.4433893143090468	0.8024569571485858	1.1669037388478107	0.5010707296728518	0.8272517294640407	1.0534390720443516	1.135567934203686	1.292074998411677	1.2512088394336263	1.341808416587222	1.5864379073439987	1.1578882628399418	1.1002930931874841	1.6320160048863575	1.3258639957905451	1.3683490252370538	0.5360537200962576	1.18733982707727	1.7226315048756995	1.1706887654756182	0.8575410522343792	1.8261812205359602	1.9212213412608403	1.7903670187497966	0.7037112669131576	0.832165385567551	0.7028942819729462	0.6323192800647477	1.452752641940712	1.6680314308083581	0.9009551054595257	1.2019262729988827	0.9219818588125848	0.9667309597252978	1.3187113944422724	0.3724990363027165	0.6653153503422133	0.6506095318050382	0.29087555143789	0.8049931126347156	1.47071314650458	0.5712654361175531	0.9788876730570755	0.7425223867125907	1.7028115501876826	1.0957780545304068	0.9081386950904875	0.7437774995431847	1.278515126403761	0.7345871411662652	1.3509339837535026	1.3923757347012833	0.9506353962912852	1.0639741155654787	0.718187563673979	0.8740378595686742	0.86434103212253	0.9633898427934986	0.5596766253809273	0.7050676441245411	1.5295858822788193	1.378449819955478	0.6903747734248908	0.8374869938926348	0.7403311995987707	0.3698101765586066	0.9654644246670399	0.9556600984423635	0.2790634133076373	0.4557370736700965	1.1669086241075883	1.377788645353306	1.2335930954599	1.053817559577779	1.1605886515687747	1.4506093728074865	1.7558672899187329	0.9498976714653975	1.5427878900592593	1.364685263209677	1.323279047377145	1.8157361979177002	0.8901869928993611
1.5203949973509938	0.9746154005556218	0.8830652719576901	0.46626157250588607	0.6894937208301135	0.9580588317825582	1.2669778222859707	1.7863707237873694	0.44321073494507823	1.0531568218807263	1.161802618974721	0.6074657743607892	0.7613404665228201	0.42604151494537823	1.4892054198955056	1.113446316461968	1.1301221235710603	1.2949160829103223	0.3654648629453576	1.4407809837065384	0.7590632687397634	0.540884719141338	1.2218645421604033	1.3839368875756874	0.9648740753824234	1.006503534121215	0.6305413916469105	1.5223681022051532	0.943764943012058	1.8727801497472545	1.0562854020975085	1.2403229859113323	0.903526087615548	1.7302092627904153	0.4668828250125132	1.5389016893505307	0.9818824827711055	1.105743811162517	0.7947847900498561	0.9522522038088455	1.5751619418520464	0.9924443968501424	0.8523767287978916	1.1273420980039788	1.5117467488174965	0.7633351404369806	1.5548355575705526	1.1899650619536242	0.9804083764706204	1.4468419909109955	0.7823560998842534	1.4364935342929417	0.9420521945083542	0.7497570601520902	1.0919957955846382	1.5174402440182295	1.040389596955663	1.1218414944375354	0.9893562789874415	1.4082527490638037	0.8915313723222489	1.476457255016649	1.4151421907612036	1.2128185588736233	1.0317173057210336	1.3220174915924503	1.1338505426308079	0.9728942362663531	0.6352351945922161	0.9885125056271438	0.8842256699014419	1.4531547318584863	1.7578968836936866	1.007067203598035	0.9618155163871853	0.5288878564722657	0.47843871050580633	1.2900704693166414	1.7780324038303856	1.4614352237538897	1.0491485899432411	0.7553697824357928	1.0518682602699423	0.8896600226532716	0.5137163084779452	1.630606204887085	0.8305306264906032	1.4733287305246876	1.4399871004385267	1.3484384626023376	0.7820064533571482	1.0502784421522255	1.1976596221912894	1.4442649933264735	0.9948305276620479	0.9893659915144739	1.1119931969755859	0.6922658493100668	1.2162512499941946	1.500258876657336
0.7419760781147224	1.0150493742548883	0.29319544036084855	0.3681607790822623	1.1523565287180997	0.7646716287464874	1.0879655616146409	0.44321073494507823	1.3507471214180073	1.3421174854715128	1.3827383448398414	0.38222107017776863	0.6287865432022051	0.748292382174961	1.3158507281760663	0.3033627346964378	0.9239759140746544	1.2170540955337648	0.8651147282286897	0.5994386493192436	0.7587983609410789	0.3089495893205547	1.0663697115244866	1.282285360512806	1.2361886449586064	1.1665876509631412	0.7349209377100234	0.6919881621191941	1.2655957420752983	0.6845221757983442	1.3737430526280006	0.8501855555486313	0.887585522647222	1.1453990532213316	0.9691812522866996	0.5122133217398426	1.2452094678516201	1.730815371798581	1.1363163426450087	0.7791335629219593	1.0041583058625483	0.8343383704135374	1.457000497156454	0.8782387450605726	0.8823816235590147	0.38033320150931704	1.0886003175162697	0.7984848865690073	1.5017578155940947	0.7284569085476598	0.24216143956676572	1.067176824397111	1.7413760493968264	0.36540717955723223	1.1230123381842174	1.0941114332562991	0.8771727555089308	0.4564668527267206	1.4594007140258984	1.3471220352332476	1.4184274948333935	0.455015517861028	1.3789554363987022	0.7333155051590339	0.7867251057458111	0.8297096904761583	0.7951727956672037	1.4245519332080696	0.8118755966666094	0.4448678655905536	1.383601077434768	1.0984734658185564	0.7040719138702012	0.9733048017184527	1.1390176378372114	0.40221768594339924	1.2735160085453907	0.4547396996089188	0.15804962735351302	1.7482159973745353	1.037051550445396	1.6820500268584135	0.5036150725902362	1.5682021918545221	1.339034136438155	1.0121488248913393	0.45270399877445766	1.053026954798387	1.0072598761697558	0.7477831625492266	0.677424377744418	0.6671813491248919	0.87259783908357	1.0784950449987531	1.4670415069668783	0.6853874125711337	1.8573046417983146	0.7391525978299824	1.32772217828059	1.0899503517022395
1.8371967246143948	1.500280182604076	1.2450535878547844	1.686440776375568	0.3895830637319493	1.0060096464595003	1.0933623316984038	1.0531568218807263	1.3421174854715128	0.9050140046628377	1.5522687508004445	0.5921557149730521	0.3768422447763964	1.4470790457731295	1.4577927637068613	1.1082116646945341	0.7914517739216451	1.2210242142965706	0.22651971286775785	1.106493259649656	0.5512641955814477	1.4883704099636244	1.4672848469052857	0.5093171744200331	0.5118417518152318	1.11520126104787	1.2169357177771207	1.5456971461724243	1.7259913594169356	0.887440118500737	1.1540185777365755	1.018214388997252	0.8664131373700485	1.014658258689385	1.731197026720447	1.026458515677929	0.6298247383032913	0.5033017457352598	1.2032547537633254	0.6985662988742543	1.1088716750139098	0.9463814426777173	0.23938011681957483	1.175890997883283	1.25756438635505	1.5675254617451366	1.2800093608834884	1.1399912675922088	1.073847586645266	1.6196071274218087	0.9822255516341383	0.7781743011666351	0.7313717082002409	1.723373176092218	1.1202306421189965	1.7116000516313234	0.6012949108359882	0.6747833093631193	1.159803134285492	1.0340250179979837	0.24104965165542835	1.5627748075871934	0.8083310892336766	1.0520131951067169	0.4947698745770297	0.44002903234894286	0.8969641814855551	0.7862563568537164	1.2167198390157754	0.7106303441864621	0.7386020539286178	0.961293406920346	0.9467460177147877	1.299954330530552	0.8061455315805626	1.0578996686759699	0.8792532130507065	0.9382094481442997	1.7040913947659582	0.8334529466556748	1.0413823018947834	1.1665924706796806	0.27755996883791245	1.5786156215824731	1.1733214104035534	0.881903453013082	0.8326540577793013	1.1825396677925508	0.602524743277818	0.36837142580755167	0.7740133670051748	1.0000478212731228	0.6227850338199266	1.0707803820390664	1.9935671447442236	1.2855312764662816	1.1083105008959762	0.5993437014483554	1.2042291153529987	1.230233071609857
1.3677932029839794	0.9251600070445203	0.8214842054739109	1.3935029223613393	1.3913945982243963	1.5346756075821413	0.6091806554863002	1.161802618974721	1.3827383448398414	1.5522687508004445	1.5819966016701135	1.3157885367578406	0.9521018004614474	1.0954818915876359	0.7871602413579508	1.0852081126367294	1.5438302097602257	0.36402797274894194	1.4019527673131809	1.533511731026661	0.9543492874444124	0.501657514512367	1.2835371309176888	1.8144933632310691	1.8994178937642514	0.7486860971149889	1.29506713477345	1.4585866078531708	1.1857623923570053	0.6781968419674838	0.6083756487508749	1.0248843196578983	0.8388204336375176	1.0752706889493397	1.3662654989432348	1.0180347038396944	1.0200475281262968	0.5892955092331889	1.1086590153722848	0.3197198317648684	0.2983798589053053	0.9668014392997797	0.7813435510690143	0.7712464609718392	1.4400080450050434	1.0997126333833622	1.6585343106846215	1.333203067357147	0.6350915235285115	0.5887641553886245	0.6906045740521989	0.8899361594394577	1.2096747280400033	1.0810771564315427	0.7427343378227416	1.668616046253372	0.6683956473987978	1.040162391778509	0.6699997478372701	1.1692624287969058	1.657055452584569	0.583497020965263	0.4985042223690799	0.634271412271975	0.994131622449852	0.8639590494548233	1.3230010870861957	0.7827905896491696	0.5601116221559383	1.8599393604118615	1.4818017435936348	0.5014820093114303	0.8342907399276656	0.43916716123327837	0.8900530385073355	0.6240991960508009	1.0232650437064688	1.7009364695885782	0.19652986095338876	1.5654945994407303	1.2367328595495215	1.046742613678734	1.6331938775831718	0.8616600450636349	0.87026981684617	1.120790750214212	0.6866638543529253	1.2668285310242746	0.8911668371818693	1.636085752822991	1.0192536048079095	1.077345449372818	0.769602891507791	1.6363381953830414	0.7487351686786707	0.6364011119083033	0.8094005112837566	1.0011990824484855	0.990340170423095	1.815529400379826
1.2169308261411915	0.9883741641051136	1.540492879943355	0.4467564454385651	0.9263209418806608	1.5137785970065882	0.8935316521248349	0.6074657743607892	0.38222107017776863	0.5921557149730521	1.3157885367578406	0.4823022244601094	1.7738986550669278	0.9899375476885912	0.7358541014049185	1.0907916660822743	0.9393328619310937	1.15889890355184	0.9457849971765395	0.4022913472608767	0.9395870511035218	1.651990011438104	1.33106139966378	0.7630858744811755	0.9556389240278018	0.9622242071652618	1.3981054393261148	0.20177688178568154	1.1045246324659381	0.9523645158981409	0.8334094099184011	1.132623404742897	1.5044325618236114	0.9034127924527287	0.8370240001242324	0.5171767295239651	1.1631312650124856	1.3571588330343523	0.9703169625663479	1.109764228539787	1.3586222569914543	0.9764793121366675	0.8255504147096333	1.4824495651256788	1.4877839980974406	0.7724763561053847	1.608791382872198	1.5227615853194367	0.7424788012571035	1.0291262281091433	0.9634412485274682	0.8098469384963063	1.7453218128415122	0.2596651769902558	1.0830061927423402	1.2543901069501842	0.8893089702589863	0.7736013121400318	0.8526711881649527	0.4865712708456231	1.4317114226818999	0.7452100220302169	1.0479053945063932	1.3495780241815414	1.029235822595394	0.9506868374404509	1.502774887946842	1.368208099826646	1.3349953425673915	0.23661448330070933	1.2272432506094417	0.997208897056812	1.2501971951924318	1.0150922332346042	0.36742517727861723	1.3636671243021483	0.31832855844872343	1.3307708297339127	1.1219238693123832	0.7743694425227672	0.7226199718116164	0.6362510148943836	1.1644705682008858	1.1209031661962827	0.8517784175862806	0.9963521781512272	1.2138734473967014	0.9821227159484178	0.36535108687625106	0.9647654536957062	1.484014779853912	1.6400250700686576	1.3148848566120213	1.0750049954247556	1.7407608746269638	0.43057965972769274	0.8307176221491528	0.7811622190753047	1.035325952913081	1.0607609393845556
0.3587006783464788	0.7700643700718937	0.79086436620873	1.5525055334032933	1.0908528358461256	0.7403518584199607	1.2908995099997487	0.7613404665228201	0.6287865432022051	0.3768422447763964	0.9521018004614474	1.7738986550669278	1.1142309461458262	0.9208202951405715	1.3140385880471948	0.9415196460586697	1.1811818714235025	1.6085905429464256	1.0218498646063239	1.6013268974718735	1.2081296469629965	1.4706727183405053	0.5019490989089399	1.5485130478607476	1.0339584447169532	0.7790135926777608	1.4137636463177892	1.226387415320168	1.419069250066851	1.4195014343239667	0.8867879157137146	0.17157120034852258	1.3025759879862826	0.8519269216918659	1.1105316810369412	0.43108693687641586	0.9764014339632276	1.3166359363413316	0.8652391109495376	1.2270589508230318	1.1061428147074197	1.1549186175404103	0.7170780291773902	0.5856051491875143	1.158912329970473	1.2942751723641046	0.8197530455587203	0.4229084633660187	0.6984036298910119	0.16458878181479086	1.0875011238218828	0.7500988948077241	0.5968529266241427	1.1606767728588347	0.7431197382284029	0.7547130698274171	1.4513108151115763	0.6350238775856802	0.31888189777783293	1.0958503544744935	0.9585024687294312	1.159768329937302	0.39804586690735366	1.107639084355877	0.7853583511988691	1.2389729226801551	1.4954554769238113	0.5243007181891253	1.4357878412550742	0.9003143858931959	0.7528996497194158	0.5323189956588343	1.0348954594472546	1.4080790936295304	1.2979027158015084	1.069110340606402	0.9774299072024013	0.9106625815040672	1.2013744861196884	1.6247762583374863	0.9157366955988828	1.2583660797558907	0.8632725037096258	1.0218098913024138	0.8424713990621111	1.1826417788915446	1.0077458231544796	0.5997024275480523	0.617180984007923	0.6077184653981413	0.16943842355638128	1.8748787774350388	1.5572259063298037	0.6314036514229546	0.6949275900064527	1.0836654696201218	0.6032007301150497	1.268447415299955	0.7614135910097093	0.7316232147100061
1.0387766887701937	1.454898524733483	1.2589845417138992	0.9174156483811002	1.8724520218776215	1.5035511740316183	1.2503263727841314	0.42604151494537823	0.748292382174961	1.4470790457731295	1.0954818915876359	0.9899375476885912	0.9208202951405715	1.4751325440270229	0.2518436857586641	0.9332764580804034	1.0491562497972775	1.3872207642605634	1.218402735575275	0.26665162218894767	1.5144028055904772	1.514985239811018	1.5033926870430594	1.168137957504995	1.027218434616491	1.472730797831171	1.1413926660486176	0.9841637558516603	0.921794619842349	1.3501804246845812	1.0234021983727075	1.7138842016857572	0.5977443953433987	0.7884262542403377	1.7097569723466581	1.5333200062343357	1.6993677975538077	0.8637887570051404	1.413518321876374	1.3991244914055045	0.6583524683504158	0.7517855616887128	1.2504226108016767	1.4183490309714937	1.1557700357928864	0.5474851831260168	1.0321154622240156	1.069079116080357	0.6972438647718113	0.5252024229090453	1.2905832686511507	1.088324111532503	0.7697591522054972	1.034526141077759	0.7893000546910414	0.9612340365945016	1.3609512985263381	0.09489916884524052	1.6053261113444899	0.7817538410345943	0.7453507567431492	1.4933016802042947	0.4909501528734277	0.7099080844582142	0.30824452949452663	1.1735643454307558	0.8021733978686978	1.2136310551859395	0.9425184710278027	0.35623316975482777	0.8126293446816324	0.5783860273301051	0.9765044136060865	0.9609250807369849	0.5026176008090688	1.1547820507961772	1.2266387375184273	1.3167926560407486	1.4706998380078806	1.0295383765571118	0.7294690363154634	1.2712961864953054	1.5299446774435406	0.6359674804534408	1.4737848525562245	1.1430255679056467	1.5087017633965594	0.7491821895449768	1.229507959951628	0.11993281816475698	1.0298650254948096	1.0545949983041403	1.80828769156489	0.8803157512346018	1.5773450556028736	0.9980054872393247	0.9681089689059361	0.4396837324866285	1.0316610567261175	1.099184230297187
0.4806086604716717	1.1066938711554333	1.0843205734095622	0.7552421635803002	0.8921606174856178	1.1697802474283443	0.5011297702055046	1.4892054198955056	1.3158507281760663	1.4577927637068613	0.7871602413579508	0.7358541014049185	1.3140385880471948	0.2518436857586641	0.743720974864504	1.0324749206837598	1.8166474638707062	1.3054570914727472	1.2876784613537624	0.7505159628591798	0.514756359344388	1.6015463822310223	1.1150786641333028	1.1431351072574227	0.703894449083186	1.6641049664662129	1.2087201787434498	0.1958766666061762	1.5138828725690368	0.9960729702229789	0.9870451011531967	1.6055427244045277	1.0626742145769248	0.8796380254938911	0.7515898849772269	1.6968807398059442	0.5994810998328406	1.8400392074443388	1.1252680513284254	0.7333817799923514	1.5848740416838214	1.1352614800619105	0.7356324716517424	0.8856021110126526	0.9870783134970449	0.8817160159770807	0.5219438657736346	1.236773219753594	0.6184414920014185	0.7209607317281199	0.9168919281851113	0.710715776163614	1.207400888606951	1.1079770682265289	1.0035241257400482	1.8235168140594866	0.4751608763773896	1.0102862806416728	0.8071636622651321	0.9914998527121404	1.0461286740371563	1.457014819993521	0.9027429933982678	0.20590099118434924	1.126944430817544	0.5715430546507376	1.11207368600761	1.5578234163893827	0.47876960927758794	1.2588012256766123	1.0257363244291764	1.321028892873981	1.0329289389246485	0.2415329489782405	0.976562405947093	1.77343400572915	0.8567083600343226	1.4862322067733706	1.1969644248709737	1.35151350700008	1.330305931329781	0.8957253517245207	1.5445528163266027	0.9990225407542654	1.233962192854979	1.5486443806119992	0.6146996043923714	0.6765661217044929	1.2886964552727447	0.9358566736330709	1.032275767453402	1.5158766632682001	1.629543920362169	0.5419951528716695	1.0004198390451422	1.1303949558664645	0.6352766743511171	0.6435949414492859	0.5345829307852354	0.9701994933885862
0.56631232264686	1.0546009899461246	1.0174324668117753	0.9012838226447746	1.2874694258011454	1.4910263006530529	0.5377459101554438	1.113446316461968	0.3033627346964378	1.1082116646945341	1.0852081126367294	1.0907916660822743	0.9415196460586697	0.9332764580804034	1.0324749206837598	1.4108581747347588	1.2956384880517744	1.291042503307911	0.416486045853079	1.2872587211783233	0.43817236914364366	1.3352792272396612	1.7551811304811153	0.7898535085322766	1.0852844964220825	1.1861651012544885	0.8669880962615559	0.08178085316252548	1.579540094347378	0.9069369749575882	0.5330528990145169	0.5288628809187055	1.2892296008773725	0.979373739971009	1.5899960983577497	0.34262255028200816	0.352450989188279	0.3423976739174981	0.8166574178461921	0.11381560139822144	1.2163670657942585	0.9040790395363438	0.8342952039025466	1.4972729992050113	1.6089833169237213	0.8984046622184125	0.6632335089889327	0.8973296774908763	1.0236841123661808	1.1439612394606604	1.2991745931249352	0.6354083550374274	0.9960706578672527	1.811274631551802	1.08107241991034	1.865242761358816	1.2342313620715641	1.4807173339635422	1.0909905176545678	1.6272591332970856	1.4379049556199957	1.8929687212594024	0.510116263692856	0.8098515619420734	0.19349158569808012	1.2176325893046696	1.3571425859303752	0.608288457514268	1.03602989819693	1.4129016481693186	1.1113448193204707	1.3644319355945644	0.9831496992231756	0.31966330697536205	0.9906179448349419	0.5461463905208794	0.7058648031713477	0.9388281595326233	0.42965736878078875	1.481406798997127	0.9703767312073341	1.3004974486145895	0.49300424238947693	1.691736217072093	0.3630731058952241	1.0533616167125017	0.4789872776735531	1.5805129055595804	1.0080421556380892	0.9067005920660542	1.4419450826807845	0.4554246333425902	0.9937451611698833	1.6026202243930694	1.793778215484769	0.6134530275498347	1.5796284248034942	1.1594090493092304	0.38451219047635	1.3586867495306614
0.14132471980098948	1.5465884631774467	1.0117244559196614	0.2802155930705532	0.7569420619101541	0.9404429390549707	0.3316748818954125	1.1301221235710603	0.9239759140746544	0.7914517739216451	1.5438302097602257	0.9393328619310937	1.1811818714235025	1.0491562497972775	1.8166474638707062	1.2956384880517744	0.8366837747231006	0.8705359842724554	1.0792054159139453	1.1019992303037538	1.3555584541038033	0.877021951234195	1.548075836735986	1.4559996679146088	0.8023229756808283	0.999940564849366	1.9013652697705579	1.6233995565831623	0.7586988941924957	1.127024062087038	1.3425199961035654	0.500812814647607	1.1795087231327752	1.8265794738245875	1.243721874207887	0.9710979489797098	1.761816644034213	0.8749086742465353	0.42572123186890565	1.0567112002379238	1.7163904243245285	0.36665668430829235	0.7700832502891704	0.5253935129104643	0.19943530797277487	0.8617422741239815	1.0330675446817803	0.9824951377236066	0.874006606849304	0.9768146421764994	0.8947125763788983	1.2715814198148472	0.7825034635401178	1.6244756934872964	0.9850284842376309	0.6108336954448206	1.0133679449054267	0.8960787723376951	1.2281862283123677	1.0729321870783097	1.193719458079775	0.8656046305909328	1.1576372476612107	1.2532945851509587	0.7610704727997564	0.9411516646930067	1.287056675242176	0.4387342727937047	0.945807228869237	0.6702385486874911	0.6529529774052798	1.1004058148871498	1.4228267417490448	1.5905004309780237	0.7162891453991502	0.5585510952884187	0.9776999389493926	0.8441738211839385	1.2839250755760185	1.3906653199820072	0.9112375745453469	1.7377824392868786	1.114735964410228	1.5239180515396022	1.103839535357712	0.22933327889439292	0.8324648515748538	1.5742531551953938	1.1464763503311104	1.0000641773774308	0.24570927448682922	1.115288928234994	0.5695296985932603	0.30320468476863294	0.5326984204841863	1.1274930949662085	0.9849529360752463	1.2587827910901692	1.1382330327795473	0.979471618068881
1.255660751880136	0.2864612536930782	0.7155283098102994	0.6974780771323779	1.099385407941182	0.4652014275465508	0.4433893143090468	1.2949160829103223	1.2170540955337648	1.2210242142965706	0.36402797274894194	1.15889890355184	1.6085905429464256	1.3872207642605634	1.3054570914727472	1.291042503307911	0.8705359842724554	0.9771745384175623	1.0591680383527204	0.7323924678831402	0.935016661951753	1.1787329899343206	0.7947726370119721	0.9352549017482692	1.0545301127045161	0.9171313746002032	1.3006723425803626	0.9702715882130675	0.26276358528746635	0.568988966813426	0.8216307848999964	0.4730929740658938	0.7682577445415659	0.7772172669930135	1.2338460569832967	1.9113365506566458	0.6164590239707961	0.5428776847685182	0.7671930945873695	1.0448819856391274	1.115957398921228	1.1389625605857867	1.3068915996530468	1.507504021032614	1.35777183609406	0.1952641741028318	0.9977310759546678	0.7384664826629432	1.2819615639726853	1.253341636001979	1.048062795309606	1.5665886386428087	1.2211192824516088	0.7684254283171192	0.8215506076968409	0.9872788429306996	1.1562051607750112	1.0360231873903538	1.2786891352611855	0.7119003847009688	1.6053226598167192	1.1470896136797362	0.1488947153132656	0.34578975885420227	1.415698556286492	1.7635086649339469	1.6050196077904888	1.0240939027939782	0.7852468873522134	1.5652861662894213	0.9235619929530778	1.117902278757347	0.7743447781205584	0.4435198988375513	0.5527938825843246	1.7473150110576534	0.7725973673022402	0.834946428956914	0.6648012044946388	1.2708044957992024	1.2859102143162384	0.8103167927555606	0.4636662133066327	0.9682505096639886	0.4709571500824177	0.23732015889390534	1.231940464759439	0.5431294566030895	0.7254008816400028	1.5075495122420923	1.2450283665258879	1.1282701548276766	0.49392481714342007	1.1078579449064208	0.16749444193301044	0.9296186457444673	0.7350685024354389	1.2935188149910741	0.5098813976811278	1.1541213739817617
1.66265607746551	0.2890281237390684	1.3007449906302475	0.6348843699206601	1.686747795198474	1.0821563118681072	0.8024569571485858	0.3654648629453576	0.8651147282286897	0.22651971286775785	1.4019527673131809	0.9457849971765395	1.0218498646063239	1.218402735575275	1.2876784613537624	0.416486045853079	1.0792054159139453	1.0591680383527204	0.03710773991242844	0.7936899786756353	0.08761862646444829	0.7608916418416576	1.3858846067631398	0.8087618454920973	0.940113477483691	0.7501137342928392	0.8833020589719123	0.9782098910599035	1.7198995174077556	1.056532702162499	0.7722741306551208	1.6598331659031784	1.2473186563892293	1.0832242382800352	1.40248871286514	1.207358881557239	0.21641384713305323	0.4003094968845038	0.540857654176853	0.5537251128976188	1.9558009959577016	0.5264404222462418	0.8710566021180894	0.45888350254142996	0.6373699281635996	1.8257272143105856	0.6760532910584842	0.6785241948078471	0.2953729039603834	1.2505244327722214	0.8057983681904588	1.6809293901437694	0.668872495960551	0.2376254407708256	0.1650277253964023	1.8624461424698358	1.4108474366957329	0.44208978200788174	0.9275569695733448	0.9645458154886342	0.5362226905902419	1.110253905676935	1.1664826442543925	0.629182513724198	1.0503608097788513	1.5070248128758266	0.8411378027542815	1.650669093283485	1.0168586133238093	1.1959145155337314	1.2994852556219707	1.8593722388506282	1.719766590268682	0.9545254224640685	0.557820581106456	1.0442380894043968	1.0560668605168886	1.1599299265805882	1.4405272738779156	1.0490583266916358	0.7210002903350496	1.0603389613492575	1.1146778700155369	0.8700802381763966	0.9203486573651589	0.9865535917053494	0.22905739222154886	1.386327321198512	1.564022598174142	1.6373340193314538	1.6545771345439741	1.2294282349409562	0.8728552634722953	0.25749175045696826	0.9284692848367864	0.47100424939133734	1.5175059517399643	0.4043513192545283	0.5648653590048587	1.2576937561851533
1.242159602872594	0.9843994382575978	0.9698793198428137	1.3346291115394782	0.773910383695253	0.6293395458529434	1.1669037388478107	1.4407809837065384	0.5994386493192436	1.106493259649656	1.533511731026661	0.4022913472608767	1.6013268974718735	0.26665162218894767	0.7505159628591798	1.2872587211783233	1.1019992303037538	0.7323924678831402	0.7936899786756353	1.796105689279747	0.7817681951593529	0.41532386939195387	0.7760316603473154	0.883555714838105	1.353011905080776	1.1343732450475927	0.8645982872430567	1.5183566903390677	1.7018631221148157	1.093151691852112	0.816633326650918	1.5253797765787969	0.997593055898391	0.9372419460168251	1.8709242674860989	1.4005778785663405	1.030033400027864	0.8118624118089723	1.1419372488133495	0.11230979085469883	0.490837733080987	0.7739682980303451	1.0938204460225711	1.205813304715191	1.3865943396398914	0.5940481238109887	1.636301248823518	0.7088806005738442	0.6055704551673315	1.4263532855407701	1.472939208596672	0.7219522793143722	0.47975739979870413	0.8980526989633084	1.35980521915535	0.48484025416254695	0.8993142275557677	0.21911539644690703	0.9615008331612087	0.6391109408185194	1.5529929447633646	0.6126854326255771	0.8088316655160717	0.6272822454379914	0.8867396142445787	1.5849747742741531	0.16558258772616719	1.7110579689316816	1.3149866456322126	0.4480215490836763	0.8143588583908845	0.9766092780765876	1.0784504711053495	0.8708263607408506	1.937729085651034	0.5304467546388867	1.2308066456937208	1.099819693126639	1.0107459114493202	1.2895391153745728	0.39615515204538543	0.7384931937276562	0.7715103961994778	1.459228575283332	0.46589205245486465	0.7732942528569176	1.2942354499562467	1.6065138250822841	1.4384149188070732	0.7202624567769729	0.7910267462421388	0.3529048203895868	1.6220057931910583	0.9171486060816114	1.4664665934896077	1.3447715334013528	1.6994512377138657	0.806513590122202	1.1471761364252004	0.3190717188255974
