1.3868739081121126	0.16642217670937676	1.0647584038389784	0.6467559787761936	1.6485440798594362	0.28631082236622873	0.5309652549871038	1.626655671098262	0.9268812538319173	1.0350900070979592	0.6239410650813528	1.0142993187302811	1.139375971988083	0.9703510687192076	0.9463162512809677	0.24494429321656597	0.9732475922966044	0.891233640846959	0.645274488399205	1.5103161849141402	1.0219678188337002	1.1183933081110733	0.882921271324052	1.5657205852745404	1.387878118491326	0.987038514529174	0.43636934766270397	1.231122830840002	1.1684035209901207	0.8779007433876014	1.4365360011887809	0.7597504271251907	0.6224834637381114	1.1207654765532187	1.6361167597383626	0.6463514592461341	1.0930844902273935	0.5331698547486929	1.0060255691444902	1.3107042565789764	0.7333699582232507	0.9201366148738166	0.6559293967269886	1.0121314479665198	1.7910923023922387	1.264980752244546	1.2002600641463725	0.5091800174529519	1.2476070213657955	1.1098180131603879	0.8288536087965583	1.393407414715758	0.20069835770393185	1.1546442217425454	1.1174908778658754	0.6668176264282974	1.576507650437447	1.6899822359530008	0.8190018582085228	0.9708351375156701	1.2882631400634124	1.6640067477907405	0.3378723862387054	0.8586356959057382	0.5447809941523822	1.2678231763522083	0.8658765582020711	1.2824369984132866	0.6490792175098856	1.4189182126106403	1.1545796022427448	1.0182549774315441	1.0529364211885512	0.8891457381418837	1.4430866391873554	0.8113384404601398	1.1802755249757921	1.381033172556376	0.9751646374586171	1.0693933969027234	1.2022816676712749	1.2850279825040092	0.7141947007507132	0.8606984567401337	1.3769636857480263	0.9848166901776441	0.9480916686307437	0.7832777034705529	1.5414705953897332	1.4692481098746353	1.35411458728597	1.032554125192384	0.411419425418031	1.0699587078739077	0.3597205320582795	1.0146992729011017	1.0463194795573671	1.101169305406348	1.2855762791452863	0.5868998245060564
0.16642217670937676	0.5815896992906242	1.2922577066616834	1.374478958714775	1.3026372225020564	1.1022736112969793	0.1777486672363795	1.0625803454123817	1.868349049893994	0.8922600861589913	1.609613907063711	1.1998485408752133	1.000419805613857	0.4793140424116449	1.1612930004495199	0.6307747636103143	1.5092259181497967	0.42980787070546955	0.8822285978645812	1.601107621201916	1.636686901336862	0.8805802661722082	0.5115884401348278	1.4428336140121947	1.1161110383363748	1.456917489007629	0.6149575069518565	0.6166110453758755	1.339875382087531	1.7966614229463684	1.1857175641691071	0.6029852660992927	1.6438588304552322	1.5040451354641584	1.1379293394297187	1.3246388836908916	1.0814665148667895	1.1474783860162632	1.6790214113341508	1.1218600239910177	0.37024764945383226	0.8990543892464979	0.7594283836493223	1.9485406526843687	0.5202907317225467	0.9179899828848119	1.1839880094657016	1.4249379281926748	1.2547746794139751	0.4535673734068144	0.7721211988052783	1.6000058914671553	0.41976965613297224	1.2943856878331137	0.9678388066339909	1.3709041417444043	0.4197994302057144	1.2431300643382968	1.1433175751690083	0.6914748427503075	1.153491806548107	1.1342357478888252	1.2087312000947752	1.0763350811088788	0.9185363120462859	1.04830166153084	1.0620499489594755	0.45248338831157753	1.0968485843860378	0.9484959970227773	1.1559818127740717	1.2778836925308967	0.9681392647341394	1.115142121060721	1.2259793102163539	0.7767648951441204	0.6376236252167828	0.7456079059269061	0.6506771240115194	0.9773382879586472	0.9382576749865676	1.1270664305745546	0.8596685779425863	1.2661387191641076	1.3054115541120181	0.024206746960029557	0.08778738982360346	0.37500716205361506	0.6556625417175161	0.6700880827765574	1.0622763371383412	1.0701476932923188	1.0487607736939923	0.7764315050459893	0.11697603869406548	1.3391423531173652	1.086363126969528	1.8543373764029705	0.8835383258545497	1.1743106372751966
1.0647584038389784	1.2922577066616834	0.6731804010963987	0.4590203259876111	1.6079176795649568	1.4931313132174808	0.9054829998554796	0.9094857733463684	1.2001622381327823	0.49291437177037767	1.0674872156824957	0.9121384400595498	1.194570381746526	0.290146276844625	0.24037913348654616	0.9372342515756382	1.0198808389120966	0.46984165137534273	0.351295991924111	0.7545086982699352	0.4931455992906024	0.7836805404718521	0.9454780051724399	1.0759105753004234	0.6255776033064699	1.6171457851992295	0.9977781876426244	1.4442061965001598	0.4606633023487017	0.14862167031588247	1.208898486466803	1.1232473716913132	1.4100612393548286	0.7834109470745354	0.15373275716463297	0.3566080641566949	0.5148893065203823	1.2551119690235557	1.5837096605147336	1.2996180890902982	0.9296547321892374	1.0069004269049695	0.6804272529113728	1.4099553014621642	1.016451107059012	1.1611251090799417	1.4558324482299991	0.8506610459937427	0.8344475342528497	1.3283090729903293	1.0040589176784767	0.7490390460117957	1.4151283547089049	1.4971786897642765	0.6044092974696758	0.8338894500754244	0.9781980496923559	1.1037301572293619	1.1111277781887663	1.4811124412166594	1.2427658896599727	1.3092619117811066	0.6617811780917373	1.005033801368074	0.3116269542359036	1.4641184322002476	0.9567333033163796	1.5060809798868182	1.0143746435149166	0.9717380004307339	1.2628836961606311	0.8268682232864102	0.5096692009014094	0.6927992314934903	1.736488902053687	1.4211507856894006	0.2820886390738766	0.4946570693918222	1.4271985558722615	0.8428194963015845	0.7276378987786098	1.448077218753117	0.9699027781912892	1.249649441275012	0.7528492727642424	1.0393118983414842	1.5485680352549622	0.6455433736184217	1.2404186620174387	0.7436626479506816	0.8842875243042463	1.214289534231253	0.6142969665620903	1.6584527227423407	1.095643747591366	0.7598846440924749	0.6785171299801043	0.5928601717168516	0.5885959493860082	0.9787985834862005
0.6467559787761936	1.374478958714775	0.4590203259876111	0.44803662390911203	1.0746056963217239	0.25590195623262724	1.2667346164168574	0.28615193850552423	1.447447866519138	1.120718223731799	1.0563929018656806	0.858384226223996	0.9035819571290549	0.9886798317934373	1.1904501924125839	0.9326935157383145	0.6270095194354239	0.6791567907158025	0.8626899333231386	1.4237969501252237	0.2927263090401333	1.2502106875911096	0.08236856587780927	1.7215562828685764	1.8213758388324388	1.6105668109972808	1.3670721557154886	1.2136168023906928	0.5866862369927242	0.5585504867274209	1.0432735906239416	0.4825282890363123	1.4853074521299579	1.389217839073408	0.5453606655906449	1.7030005818729181	0.46608352090568905	0.9383022067557276	0.6781030834701316	0.9663508471576798	0.2978560233415637	0.30514649462928634	1.1919460152196102	1.1071948537011678	0.9708295064777153	1.1744007123218372	0.7734214320748625	1.3783922326006413	1.4224776053755337	0.9042016590872226	1.5251360351467314	1.077894781760221	0.638822041917595	1.387164070221671	0.22575987289168298	0.9615545008486033	0.9197632884032216	0.5993471586495458	0.6400956015808648	0.14436654899579437	1.4021233642280109	1.78398464485176	0.8967696369787657	1.3397155572187691	0.9718664934593837	1.5031237924438472	0.8866984687728796	1.7345983144334962	1.1917767539999313	0.6198936675122559	1.0003948742206021	0.7607817384425537	1.0382866174285368	1.4497353620633489	0.9698911955510894	1.626589257131563	0.8620440672353988	0.995815304422716	1.1863582773499088	1.625678489580394	1.1201391079836835	1.0154283358650702	1.060391642103005	0.040555435364607595	1.438581297565918	0.9940802644478401	0.7864897793692667	0.6710980903442656	0.5692241111611891	0.9259632883641313	0.8582639728310797	1.3402956526247074	1.2555861735113174	0.22943541293896685	0.5336297353147086	1.0069966701656368	1.1369094873138503	0.5613857368575954	0.4031270379958507	1.0646543841026295
1.6485440798594362	1.3026372225020564	1.6079176795649568	1.0746056963217239	1.8228777227648378	1.8859840727946005	0.6883522617618705	0.7794443350188465	0.6402178913485173	0.7755354678779678	1.3311636525265926	0.9059501791613374	1.000508108721568	1.0896555218158506	1.1132581252599967	0.38031674588160613	1.5011248789406872	0.881533867541906	0.9538812633916771	0.940869875923446	0.9178034311667238	1.375673344302813	1.0636911758091512	0.7114636132955843	0.46062318227911714	1.0089051393880542	1.1661687209292921	0.13478524839491013	1.013828385063452	1.57678949379279	1.217669105075134	1.5045242599502797	1.3008871614276354	1.0063535429975083	1.632126664715111	0.7262703070793448	0.22007065551320681	0.5378747105495418	0.3328365192577234	0.9023434547423788	0.624009300541827	0.18219473222936355	1.3056661266085468	0.9863975073261573	1.4168437334660864	0.7380967328856503	0.1661872286496724	1.5834967260007893	0.47706800216085976	0.7600344118312186	0.20582869747079324	1.5264632472389896	1.0085390788237616	1.395005411720106	1.1457884963210898	0.761243628397718	1.1750409005961322	0.7455643018511695	1.6896622812919069	1.452108690974668	0.542214278435144	0.967277726507348	0.4156147611173435	0.20146126943685538	0.4902062722958085	1.0638936791529552	0.8180400222625586	1.1894996800865352	0.9193834010054021	1.2331859452391332	1.3193423409169827	1.655541052353503	0.9326276679700005	1.3017810093300197	0.946194602992315	1.3954163573002931	1.8259534691066663	0.41612812186000103	0.9339440282569949	0.8350951346959268	0.987660371381319	1.6377867233627774	1.7131935823849362	1.6446405798264976	1.51242862309877	1.2925904914939375	0.43696771161607817	1.249737237294411	1.7549854902536657	1.2610646820567781	1.5265448205784002	1.1966848724751529	0.6088051723603949	1.3403162952202197	1.3295591753298497	1.6403823703861893	0.9611813775975064	1.0153233711609615	1.1736057262472128	0.697883115197077
0.28631082236622873	1.1022736112969793	1.4931313132174808	0.25590195623262724	1.8859840727946005	0.7820104026632659	1.484600217508111	1.1391085421902634	1.738383666699274	1.0613118221751858	1.1671299510067177	1.3828001972388988	0.8380449774674803	1.6323523879448163	1.4792835255652936	1.2075075634456531	0.30301672460514095	0.03200622025700728	1.0811970661952146	0.44495352711431035	0.616476863712814	0.9803439308835091	0.5847488889677808	0.5466721859023458	1.1851135138321014	1.2475405703293239	1.5750194149634384	0.7556500551320913	1.056768353750064	0.6791661966010551	0.6668632346053531	0.9481537142640637	0.6442070945860507	1.5275615898101897	0.09444165024858187	0.6723734425458097	0.8364342691659759	1.552128854592367	1.7661933150704514	0.3903350218066999	1.8058951313436407	0.44464012253317	0.8398554094290995	0.8695687804398919	0.6961480567198421	1.116663618941589	1.2866556871838215	1.4133460091296788	0.5728727840938161	1.1184998411574119	1.4767853367376473	0.6608638961145867	0.5915269243416879	0.5182422956669952	1.039918698991484	1.0433449216962492	1.4359008172856966	1.084414996028881	1.5425113909057393	0.9176128928866942	0.6023107054768813	0.8470423589039913	1.1590886922269232	0.607610077107257	1.5237123885654091	0.3478269257972928	0.7806520458782145	1.0462382264582324	0.8203231707702336	1.139438232963436	0.7247278087429962	1.4017365243789304	1.592262421563867	0.6112715130143611	0.7768565246824242	1.0766630244331756	0.8033602512899285	0.43567437132597275	0.6912207482972639	0.4126332090244138	1.1798855825883174	1.0997547102774592	1.264597353698974	1.4628249924681156	1.4429159720436568	0.6769009492579172	0.8830399944644671	1.0477203533061332	0.8261436995993372	1.0788569263798204	1.2113313978507734	0.8951742810972154	0.7064875821130121	0.31254549257217534	1.1263290614140964	1.028788153584611	0.5607635971955687	1.3464439392242111	0.777393248398192	0.7587053105563641
0.5309652549871038	0.1777486672363795	0.9054829998554796	1.2667346164168574	0.6883522617618705	1.484600217508111	1.6351519031598207	1.2421610051859002	0.19672753810065569	0.6824438288499333	0.8905482429299689	1.4811180835579862	0.49728148004738837	1.7794946368310274	1.0295050551162248	0.8492223678982023	1.279502696552672	0.28862300182359113	0.49896019460642327	0.994497380113285	0.2802077039637354	0.9920843019060317	0.9005032546873071	0.10304598534350018	0.6776713075316227	1.0955642506180803	0.35799047054348687	0.40339296217297105	0.6151948424671088	0.8064024465411208	1.6148068724634013	1.1770113553057902	1.1763416990457425	0.8343266332476709	0.8476587051485567	0.7795582582315177	0.5289523770732147	0.7801590958160503	1.2589054846994083	0.8544684938590104	1.0456164888065427	1.8806396201189526	0.5394108057069922	0.4072753402498097	0.8285635672911882	1.5126715699819862	1.390250497589732	1.4615697988568108	0.6823140979543176	0.8164346735038772	0.9345057911445296	1.8219298249862355	0.9864657198772928	0.9577696093365495	1.1582561743938262	1.1717826944775702	0.5043978229914532	0.20010655829936064	0.9183438838182489	1.8561926919458522	1.3364200841053562	1.6612032397840601	0.6160579542620135	1.2711510307292417	1.0715278109334756	1.1662908679515442	0.37572849604693426	1.1432000421976747	1.5234983065187426	0.5406537618775569	1.1757217197434033	1.7546290335343313	1.736323951182595	0.3927822407476962	1.51194687494198	0.8577426280636382	1.1301948840410134	0.9178426036553473	0.9686975086129077	1.2199173825436556	0.911758304401358	0.30362611323518207	0.5464259116253083	0.490149519372546	0.7397008967977863	0.357576409565298	0.8864466023205735	1.2284521876530619	0.7024173982307675	0.30008537735509355	0.9801137315534478	0.6596329897022923	1.6700727685966825	1.0024606255925705	1.1500336226633363	0.5733207603450527	0.7260441321662556	0.37083394915139545	1.1866070536473627	0.5553994298575609
1.626655671098262	1.0625803454123817	0.9094857733463684	0.28615193850552423	0.7794443350188465	1.1391085421902634	1.2421610051859002	1.4757916101257593	1.1794059554425929	1.0162353572350076	1.6353139931173961	1.1719042206906365	0.8817756631532083	0.14564254678042654	1.0992467032323918	0.6876364288195274	0.2179156689033892	1.2397409513778281	0.7306216756695925	0.8108886410212095	1.306347892710552	1.3346932301314027	1.2846729297554758	1.2790813159462366	1.3990291563473927	1.4502719588587016	1.362201545755504	1.3661440528813178	1.1399308356737845	1.3973572596089465	1.4846832222604291	1.4441361381464113	0.2563283990439056	0.8844275748952808	1.0459549413846763	1.4091959303190913	1.0496019992181864	1.275054123514126	1.478134946752637	1.180099525437933	0.9183635171374134	0.9627046153288388	1.5255589329914514	0.9023299945665091	1.7847607689846763	1.1791273239834412	1.6105482901636061	1.230141696497019	1.2879973882696365	1.0944244407220118	0.4978861552826279	0.8458589733439026	1.1042974601680486	0.21930491925361495	1.2857808464966638	1.058905745583188	0.24535601103697235	0.8138920825933278	1.0501339753264913	1.510089256239656	0.701670495834033	1.3538720875333636	1.18113307099667	1.7048845694803063	0.33560446267712485	1.3572667063554675	0.9866145788474103	1.3487564442991375	1.0487756051202783	1.4717544360131751	1.671098403821269	1.5124989077506032	0.553342709262193	1.1276609049467865	1.794241117915296	1.8494312166361715	1.807672482614734	0.6685528048617135	0.5318625082715855	0.6540492090943648	1.669845927614922	1.8299598876209664	0.16954444909554156	1.1146884808471056	1.2801585653152325	1.0147459468213285	0.9827917555899124	0.99755154293374	1.0345058536755016	1.0895004146250609	1.0696664119761838	1.0929195031191263	0.4496761812475214	1.2091321863099185	1.0243178171959455	0.8733056603182876	0.825382748360874	0.7495364665116637	0.9139608773778516	0.6977015519883611
0.9268812538319173	1.868349049893994	1.2001622381327823	1.447447866519138	0.6402178913485173	1.738383666699274	0.19672753810065569	1.1794059554425929	0.446883308398891	1.1448132735708267	0.9316047765460265	1.0255767239374995	1.1948597087424007	1.204042420892347	1.2730291636480857	0.6627369893303614	0.6785618825183899	1.0179454229034823	1.208387554945621	0.9921387138169675	1.4474542398185026	1.1441960765443548	1.1430939867238685	0.418120546035333	0.7201759783429198	1.5382342274798562	1.595058742210909	0.4388365751488219	1.0687464698533815	1.384750169700947	1.307312226245545	0.9570624395739544	0.8522463836731895	0.9525260605703258	1.3058228230479512	0.7905107998534933	0.7719427873282805	1.0553224668582968	0.9915655990090178	1.7582573451012846	0.053818915220934516	1.804365223053723	0.8235853975469771	1.240937931177469	0.7949980261523268	1.2388099675124056	0.7793222993483415	0.4609251824687104	0.24286964042215442	0.4445408820153469	0.5628867816285066	0.6829252292380259	0.34076375119646407	1.0092346154590428	0.4839417199624836	1.0466123470266713	1.6876363459221075	0.5025596608271321	0.8234914677084768	0.9048029883205932	0.7996395573488626	1.5524995541923376	0.8741254163991801	1.2990599222082442	1.2806951814197545	1.2529823819799268	1.2159687861060005	1.6931567509593157	0.8283752429827631	1.088967481010825	1.6358377520483045	1.3712182972094749	0.8848600801274551	0.9344053021468814	1.224488795693178	1.5323425517206322	0.6271553504007767	1.3133525123697611	0.9764791217858084	1.3873151382808453	0.9546332429353293	1.210219142935611	1.599800812053219	1.2665130404248686	0.9134692922432308	0.6794243615860616	0.6374424373202385	0.9516378318051619	0.9730026421915785	0.22864604224965146	1.2814246430621736	0.6721893086355613	0.8472977799356176	0.8934717398588692	1.235830379008493	1.262044192821377	1.6824922151085766	0.38756498555360364	0.9256034996116054	1.149518877622036
1.0350900070979592	0.8922600861589913	0.49291437177037767	1.120718223731799	0.7755354678779678	1.0613118221751858	0.6824438288499333	1.0162353572350076	1.1448132735708267	1.7220031203827446	1.0413540850670497	0.7600681358985926	0.9265119176143615	0.7624295720010692	1.149232767780456	0.8377944595225808	1.6186419605242337	1.0690570254841996	1.1594780396200173	0.9060766918613323	1.0033979721415522	0.9471377166501544	1.0089344006328065	0.5622140192763208	1.2094315362862018	0.9891714319148872	0.5207327696755051	1.0151750782373892	1.5989354444917396	1.6574498605462444	0.7066874687899236	0.4440021756396859	1.159409077917445	1.4427163039011561	0.609638619623109	0.7266990266813937	0.6732199718790359	0.9797826246822645	1.1777728100788314	1.605829693963729	1.0027427304935532	1.0160105325939486	1.6226311894039585	1.5457983373041457	0.7523390093189755	1.3504274463429657	0.35326222549958985	1.6137438932466204	1.4130116622960913	0.6607525825991405	0.617965628189135	1.0126573636159628	1.3640334886974816	1.0231586833341952	0.7512585854655025	1.053033382400987	0.8615045139695721	0.7245515445738311	0.7165730997223543	1.174653667268833	0.5860539503280477	1.4011588176885976	0.6435406820942304	1.5097726910294582	0.4766408772334534	0.8660922303302032	0.5869780749240605	0.9755007370356059	0.8407506811869065	1.6711078805959274	1.220918366462154	1.6649556958975933	1.004023549245631	0.35347537289675524	0.6938784903501838	1.1495889623208615	0.9091924115088543	0.4446047412690879	0.8850310510946482	0.6430283908780616	0.25193750247622426	0.7491982136226991	1.2536961743984254	1.6044684462336254	0.9131334454057742	0.8012602412783014	0.5740309407930404	1.1647654133968393	1.1563060089961636	1.0081857562416767	1.3600002732608851	1.7105204197001784	1.1415009179190618	1.5222922890662882	0.7139089855972636	0.521453562180962	1.4745262207494516	1.0208569047576102	0.24629599569119587	0.3273241229363677
0.6239410650813528	1.609613907063711	1.0674872156824957	1.0563929018656806	1.3311636525265926	1.1671299510067177	0.8905482429299689	1.6353139931173961	0.9316047765460265	1.0413540850670497	1.3509975545301058	1.2612811135376785	1.3658726222207527	0.7138396309171462	0.23658965415792332	0.20784380115792334	1.8316993909144994	1.1678393344439708	1.014143024028225	1.0751013425051776	0.9216283783105643	1.5896502962816492	0.5284628449942363	1.1596383104117811	1.772440905039279	0.9211885091268248	0.7555707022448959	0.6997117579863223	1.3772049524109502	0.9792560815060047	1.1172404793201338	1.3857497976668864	0.6477435957004603	0.2995047096494483	0.08782556281965959	0.4870844231335989	0.31634822456962786	1.0733486172064524	0.8816983455881136	1.4407082162397222	1.1963128404382362	0.7276766239079777	1.3122856131477876	1.5214292393720106	0.49804893920578364	0.9352439745042114	1.2534554951543113	1.104549612841694	1.1632047917866626	1.355540225730023	0.8378641939824063	0.8375579478885156	0.7749272103814484	1.0775115971713098	1.2803018809894169	1.3024418271604044	0.9188563864535111	0.44559025992121093	1.4729442874628909	1.3606026431634122	1.35610088917418	1.1193003417933924	1.0445281712088927	1.1774604474793984	1.2470137917039479	0.9279705688334572	0.3749013789793225	1.4414570498063621	0.8469960335546414	0.8276157076837023	0.9570923703802827	1.038306289164263	0.43948546645954223	1.89859731053748	1.1988763298339074	1.570835314383826	0.899273848431003	0.8747239425813771	1.220923478762635	0.8790916978172996	0.9650809007397589	1.344381463160235	1.3820446136198006	1.3338142026476674	1.0061462323389314	0.7685194882654407	0.4785591921168977	1.1876470581822818	0.7217609854462936	0.9170335356578518	0.5294957283110473	0.5986960805464463	1.5230246000371483	0.9973054285539644	0.5622556713419735	0.8648948841436197	0.5644980723295916	0.8522305101341776	0.3201078945974143	1.0373262277217024
1.0142993187302811	1.1998485408752133	0.9121384400595498	0.858384226223996	0.9059501791613374	1.3828001972388988	1.4811180835579862	1.1719042206906365	1.0255767239374995	0.7600681358985926	1.2612811135376785	1.0075957630377732	1.0481363141589068	1.0054479034014514	0.758276425313958	0.14459070110286687	0.9987572199642838	0.2090169005671565	1.3014668325025476	0.9651859265232652	1.0936675896832868	1.0347364881994323	0.9546121794355642	1.0093631823277476	1.0531583515270397	0.72363019925512	1.1791893227243082	1.2117117620844984	0.9709691523461361	0.6657995728915205	1.836384073781275	1.1314949259127327	0.8277580234334609	1.1115185439061692	0.595279515695889	0.7663217472252473	1.228696667634805	0.8075297323418695	0.12011378713339371	0.5107984498972664	0.8193902969770239	1.2515770576101728	1.5142796562349867	1.469991496536639	0.7531444066610011	1.2408613197322136	1.0353724734836272	0.7491229432142594	0.5663613289224312	0.8365823909836059	0.3252121991113688	1.2117880255449442	1.3085333206027616	1.2036837081085636	0.939536874715903	1.6027454266531913	1.0080031958466857	0.644699900908821	1.168814565290047	0.8920910309171808	1.3256418329263548	1.4034193154318484	0.6551977377988374	1.1891246039718733	0.6224845581772618	0.14800230952154192	1.1080399563475438	1.697604790236228	1.147665081675036	1.6686789060128644	1.0381224143658454	0.2456451129313626	0.795441669176145	0.7415082023633217	1.5583550313364174	1.4412206264881435	0.8065370721117944	0.4794109017738055	1.5321488406949175	0.8887548531665055	0.7120161980546391	0.9319556740799511	1.3254824749106557	0.5545790470163563	0.8462410159159606	1.949739163069322	0.8449834764224746	1.1820427309795036	1.0031903357425813	1.3959542893521864	1.0272952248074467	0.4863915909730858	1.04477993258096	0.9722516597258084	0.9883573595095709	0.8200975615343047	0.8838387010178297	1.6308735753674002	1.0211920659394222	1.0824574447638513
1.139375971988083	1.000419805613857	1.194570381746526	0.9035819571290549	1.000508108721568	0.8380449774674803	0.49728148004738837	0.8817756631532083	1.1948597087424007	0.9265119176143615	1.3658726222207527	1.0481363141589068	1.5681642814593069	1.1236725263127152	1.4536538836275337	0.41848300494650004	1.3463992749892686	1.234578260332561	0.120825448803769	1.3297533894886127	1.5877493781385437	1.098705498391449	1.9036670379825091	1.550148418103735	0.46837814761392105	0.6749319721317344	0.7745860210309454	0.9555568236074339	0.23789387301931453	1.3138315646501713	0.6706398604438626	0.6365648765820975	0.7432442545222273	0.6025146413701972	0.828318026831866	1.2349915075728162	0.4747891167885836	1.3783473151882581	1.3517927105669227	0.962463821414576	0.5399704963917922	1.1952627666222093	0.17171770494597505	0.9272982314809515	0.8951452493158263	1.246671137267492	1.1958016579036619	0.6112043715019528	0.8350389781470846	0.18567407547558523	0.9779558735745264	0.3600614287656796	1.41884634269217	0.6932444955676831	0.8687546321032837	1.0589445725959636	1.0790773544618923	1.4686636661506323	1.288956195468389	1.4197817666339911	1.1419538310050807	0.46899964667415994	0.42992746081802413	0.9001748512738261	1.632323989697089	0.61963708350339	1.2028914999989277	0.7224438371520663	0.5066856893700242	0.7904027627461852	0.9247578513414734	1.1897070592250445	1.2117353221181257	1.0431732879378675	1.6507906845014853	1.3768638001817657	1.1691357254264676	1.2692533001708075	1.2668598639495456	0.8471824184366423	1.3835396524246075	0.7117081039207154	0.7768101345349754	1.6151101012328937	0.836377893484803	0.7688023997456725	0.6687942519432746	1.0062188950532678	0.9923459278529041	1.0518950965108729	0.3819127195354699	0.7510696441751665	1.4593473733349143	0.5156733290390143	1.74235535728867	0.8590532303121352	1.3966691909419164	1.1741467950661855	0.7511479011998285	1.4924849076646505
0.9703510687192076	0.4793140424116449	0.290146276844625	0.9886798317934373	1.0896555218158506	1.6323523879448163	1.7794946368310274	0.14564254678042654	1.204042420892347	0.7624295720010692	0.7138396309171462	1.0054479034014514	1.1236725263127152	1.0247071117961886	1.6939164021586484	1.3150618656965185	0.5068690852989941	0.8644828910756961	1.4995997780962391	1.6302502331113067	0.7297117609378336	1.3260955722114205	1.336441270229634	1.011224056402583	1.4299784119514352	1.1620791614299253	1.8017378394487518	1.144587821427342	0.7287462225559262	0.3930949472980727	1.0843657316341835	0.985909565148428	0.6445335646536656	1.075123703237607	1.296879210717147	1.105900263340365	0.08485983898900695	0.9246561012921042	0.5167136569464279	1.3439654780780823	1.3101443676005484	0.8842443108536953	0.7400615045726848	0.8148690300275956	0.969037102670574	0.14545921011006135	1.1305382416719567	0.9825870088995097	0.5770782997369965	1.6448718896972094	0.7789002610633651	0.36512518676442274	1.0079051863419561	0.9065868920227398	1.224289145608735	1.6910572088637124	0.4805671124546398	1.7579275296099863	0.3362607838318199	0.9844357267076926	0.6449163296799447	0.8577544222294624	0.6175027410342644	1.0282726227307137	1.0222706630917133	0.9835020150891542	1.307522932881656	0.710693669634634	1.171499683132424	1.1963633645023444	1.7367595135112794	1.226388450996376	0.5989565749125252	0.7796766190561373	1.0125027712036014	0.6454795903154922	1.424331808689901	1.1198564787507241	1.10406072261117	0.8775889905743617	1.1498882722654022	1.079051474303405	0.8978872802089426	1.4117746390764292	0.8552868149202999	0.7202191533676401	0.970203501896489	0.7711015905350498	1.2544876299862806	1.6081243729662809	1.5766545095349753	0.7783117390794965	0.8120224182118836	0.6719653446969909	0.6736341804647208	0.16355613432740057	1.4040083227101656	0.5354901670848617	0.8339049793322526	0.4334424217180721
0.9463162512809677	1.1612930004495199	0.24037913348654616	1.1904501924125839	1.1132581252599967	1.4792835255652936	1.0295050551162248	1.0992467032323918	1.2730291636480857	1.149232767780456	0.23658965415792332	0.758276425313958	1.4536538836275337	1.6939164021586484	0.06734876740352957	0.9411764217487832	0.4337516138827462	1.1063958198824506	0.9581027190535871	0.9085990649292146	0.6164957481532525	1.6452690062765405	0.6833875687022619	0.67464984669549	1.3895641091658277	1.3509097395517407	0.7042479710317999	1.4144799604788876	0.8746726797612672	0.6572937507959269	0.7962045446573789	0.5219470690716661	1.3373874439989442	1.5383385638698237	0.6049978231003805	0.42483954161975745	0.4367027580868108	1.4890351220720988	1.3289865504627552	1.2699961859923956	0.8653069574232424	1.073456564067821	0.9104533468680731	1.5082855710699183	0.42420540050503996	0.6201840541224908	0.8029289095565015	0.1683243488691446	0.5922542683195497	0.7887009926865087	1.0894749144627442	1.0871497215936095	1.154769651150509	1.238331464665874	0.20823454639006833	1.3342694442830447	1.026747204907906	0.2173421701164655	0.8157816951415151	1.1197773184726751	1.136342284656289	0.8309733386530043	0.3013017002645024	1.3377560711162473	0.3619382825213482	1.2252042309971238	0.8037510541905135	0.4644053024991228	0.4916499589230041	1.5550066083259848	1.0900767241505915	0.5951062557333708	1.1811053290479414	1.2686292953941176	0.5851334366466139	1.2006063154077031	0.9455372769722548	1.425570876176959	1.3717861184409539	0.17450640443749377	0.3334619981578646	1.5542028862587935	1.397945519022264	0.9234710081281672	0.3064284015041778	1.6639516114638429	1.3996578339878816	0.8005116258190328	0.28310606637190006	0.4913245078992039	0.4874761251523847	0.5415106928485511	1.3246532842173926	0.6297234805057375	0.24024533198753084	1.126635556195526	1.2490468486956494	1.4147686281051761	1.7246686091868815	0.14296708545036285
0.24494429321656597	0.6307747636103143	0.9372342515756382	0.9326935157383145	0.38031674588160613	1.2075075634456531	0.8492223678982023	0.6876364288195274	0.6627369893303614	0.8377944595225808	0.20784380115792334	0.14459070110286687	0.41848300494650004	1.3150618656965185	0.9411764217487832	0.8360391492353187	1.1943537619614786	1.6035513075155965	1.1843766547333334	0.46459670490854443	0.7926158813387207	0.41233374451507077	1.4466228777452383	1.5185184110253591	1.6189521662616517	0.6180383122406861	0.7360412091944408	1.0855739433033575	0.752146221024397	1.2021958939128037	1.414439809291489	0.5546277052779891	0.6761377988386577	1.3201508938126125	1.180179605473219	1.3806739515314117	0.9971030290850666	1.236103562353244	1.1094504145638278	1.0365721795501526	0.4002851912622305	0.8836511845515851	0.7780700018589537	1.1282996555927334	0.8066223607297103	1.2595169491721372	1.1780436712380096	0.7430977764297575	0.904231590540334	0.32730553993815303	1.1661600284309117	1.1895776953287571	1.2187690616393647	0.8839495560280755	0.7720179205066637	0.6539843312837381	1.8316009527082617	1.751568826137353	0.9405961411321551	0.5799095909577849	0.7954432627901253	0.7271878499736877	1.0948746257957749	0.42676011447224727	0.8774457159145685	1.342201076087699	0.7923772949519117	1.161180535183479	1.2789729561718264	0.5964597559413356	0.37071563272338115	0.8128280912671186	1.5337250110239553	0.8712988499313563	1.026568026028342	1.3911722474694206	1.5853360848201736	1.0779389276622184	0.9341525731866265	0.6950920274356334	1.3343018052024946	1.7697610814803797	1.3921867146809426	1.1051859486444173	0.7866104844125783	0.9534904450283255	0.7502949201681843	0.8110783664658536	1.3342311010098042	0.9353017415991212	0.8569244932763713	1.2471453519810207	0.5691043075891788	0.978626182008506	0.8427539220258284	1.3257513112215675	1.3412775979975968	1.0526555625669785	1.3440222366028285	0.30167571348086697
0.9732475922966044	1.5092259181497967	1.0198808389120966	0.6270095194354239	1.5011248789406872	0.30301672460514095	1.279502696552672	0.2179156689033892	0.6785618825183899	1.6186419605242337	1.8316993909144994	0.9987572199642838	1.3463992749892686	0.5068690852989941	0.4337516138827462	1.1943537619614786	0.15286554838762534	1.0475168908526518	0.932548548038868	0.6120124466082382	1.0084270871635383	1.119071024219525	1.5144487786960434	0.7832107915294058	0.7161312133870186	1.967840071389118	0.07966845827983349	1.6224202666970409	0.9209343889748534	0.7200152272751781	0.8157237034838896	0.5495433333362976	0.3305660023586694	1.1043017660121988	1.1511903956945306	1.536380997254362	1.4028468107454135	1.499393793986864	0.8086348116647102	0.9313997369443929	0.8633143344077558	1.0109909474587655	1.2880520950244063	0.5696296584694942	0.5723425841445249	0.6361649478731213	1.066229431619757	1.0412456945598	0.7567637997053263	1.6857433902195895	0.5644994298730388	0.7224251119193301	1.3522451580901604	0.6134625162169656	0.7175443361909217	0.6940213724964168	0.3507028361413673	1.5825988660584467	0.6243122262609342	1.1552085438540762	0.7531041750264216	0.8197648273332911	1.2834803474209546	0.8011879860266231	1.3997263797806738	1.1378453414746226	0.8958729033405153	0.3205899907611678	1.055916726223294	0.528951767184374	1.1723605437983056	0.7535501157932496	1.682604615819254	1.380908116595802	1.2344908462851187	0.6997647863547254	1.563710934802317	0.7979682449619758	1.375284083901251	1.2234469196689282	0.9037676524400406	1.0019413060175473	0.9182944915093356	0.8100604781335223	1.6177421504830027	0.5611297769122634	1.291260539454594	1.6413204889512611	1.3795335284146257	1.5087119115927357	0.5376523761759406	1.4653810838018322	0.6778587612213982	0.6055499320623348	0.8147785830945753	0.8497704617396338	1.650941042413576	1.72365053507516	1.651543550691748	0.7694738822062321
0.891233640846959	0.42980787070546955	0.46984165137534273	0.6791567907158025	0.881533867541906	0.03200622025700728	0.28862300182359113	1.2397409513778281	1.0179454229034823	1.0690570254841996	1.1678393344439708	0.2090169005671565	1.234578260332561	0.8644828910756961	1.1063958198824506	1.6035513075155965	1.0475168908526518	1.877395369642417	0.9441203906594076	1.5372850478843438	0.6911688803144884	1.8053882340314695	1.0404123415450104	0.8319501169347727	1.6157148937844374	0.8769604223770944	1.033341174059492	0.122676900437936	1.2486654406231004	1.042686149573093	0.7101050578207455	1.8578682535502873	0.6239174419700975	1.2330665080871197	1.4995241467230063	1.016899712789203	1.1982305914861404	1.0207773471652992	0.5490015087339222	0.9558246305985596	1.453374301035998	1.2516071117554117	0.5831994416941229	1.1144846473927392	1.4521063795662577	1.4655256241079737	0.8594973053396737	0.9602032320054581	1.5874019776123858	0.9018631915010131	0.6476948149863495	0.8764062028965014	1.4402999331893664	0.9374954664334623	1.0737075363028707	0.28797852011512126	0.8167231781011839	0.9845661476609073	1.7965038012737065	1.3854756762448197	0.1949154356154339	1.324363078834617	1.1700010716720075	1.860849898018891	1.3246749227775512	0.6162585188501823	0.9425518175874508	0.5306441797396604	0.4464277677397468	1.023211772673421	0.8642298624482787	0.48914737183429335	0.8326525891118801	0.5906298967231827	1.3367623481298427	1.632516972155538	0.7419568276001642	1.4394436479456123	0.8153884875313755	0.7825434120186392	0.727029154055022	1.7730667244408744	1.1277730281007863	1.715324430988981	1.223600581557449	1.335862096746059	0.8578722985798983	1.1058785399912594	1.0297802606613815	1.0491934028011978	0.9825523816577022	1.4202128142565746	0.6664289828539403	0.6479193979425966	1.021218411218525	1.5524273343536032	0.5361462565243671	0.7209001071771821	1.594231977545178	1.2202926883102152
0.645274488399205	0.8822285978645812	0.351295991924111	0.8626899333231386	0.9538812633916771	1.0811970661952146	0.49896019460642327	0.7306216756695925	1.208387554945621	1.1594780396200173	1.014143024028225	1.3014668325025476	0.120825448803769	1.4995997780962391	0.9581027190535871	1.1843766547333334	0.932548548038868	0.9441203906594076	0.5824685176208142	0.7113265172853369	1.128114955322054	0.8126359536400518	0.45110110966038564	0.9981805278062046	0.6434804890410137	0.862607143880775	0.7569727005054248	0.8211092272334113	1.3195179519815452	0.1422511464527798	1.2397834699906678	1.2771843686454372	1.0729455183154815	1.4316923187806154	1.768976187253689	0.71234083542026	1.0543285617011537	0.6896534086530248	1.2070908775589428	1.0462726125330857	1.6014046453890047	0.9115644989411698	0.9221623023466086	1.2564364212082908	0.9038152534733761	0.8175250396250251	0.7080556343694375	1.107598636288991	0.30328908403045807	1.5125428218467858	0.736674190489838	1.8373254487414579	0.7702808628603313	0.9287173405837186	1.328547634938854	1.0333770865456204	0.9226297952378459	1.0373950149778806	0.8752509123620511	0.8190498417006209	0.8651596087359634	1.089910043942278	0.9944050682349574	1.002752124325655	0.19262199837604976	0.9744734799786399	1.8727695804415792	1.474584050822218	0.693483420329924	0.9276039388253123	1.18897087449386	1.2996889200812014	1.628891387338695	1.5555514308007916	1.3781434312415581	1.4699542331496531	1.2850513871735592	0.48794991265829935	1.4100413110628947	0.588458056779535	0.4032589849324628	1.2824438931400366	1.2293969663232156	0.9144983906222883	1.1612850194038873	1.7590269320537302	0.9367181947774414	1.8149813287888021	0.9682162675566208	0.5135906702634276	0.5775200743766673	0.4806239165469046	0.4667674785354212	1.7216714997760527	0.9763259392552275	1.2055285411220025	0.8518879650484632	1.063025886677922	1.2234330637003072	1.3365394999476374
1.5103161849141402	1.601107621201916	0.7545086982699352	1.4237969501252237	0.940869875923446	0.44495352711431035	0.994497380113285	0.8108886410212095	0.9921387138169675	0.9060766918613323	1.0751013425051776	0.9651859265232652	1.3297533894886127	1.6302502331113067	0.9085990649292146	0.46459670490854443	0.6120124466082382	1.5372850478843438	0.7113265172853369	1.4009224273928043	1.5944480925024804	0.8933424146193851	1.2533446467647047	1.4739779526010224	1.3855447953091602	1.01746543151946	0.9917852060646006	1.2153699217232292	1.0656266764118194	1.5710720672355625	0.943219699621564	1.4444049936124626	0.9480527722911387	0.5758559874781661	1.0158228733866514	1.525239001637905	0.8549197439333276	0.9204831313327768	1.1158822953758665	0.07393398394697548	1.5001986736201514	1.3795921550960053	1.6044754376954098	0.8593925704002774	1.2758555395594067	0.07479021700754496	1.2863679729257413	1.5785656389562974	1.1918020289935218	0.8958051778243483	1.0197397110718596	1.3056905422645797	0.9405437015756604	0.3621753770660203	0.6886299997575378	0.3737451170955708	0.8628932488855439	1.4214558544283835	0.7253566047211575	1.490056223678122	1.7729633141947556	1.000180178227617	0.8097853764798126	0.7631892209593918	1.1350163695942965	1.488642209503815	0.42679751530877597	0.8782364198743484	0.7607119001492397	1.1378960408161503	0.5876396208524046	1.3343127154950558	0.23253162727860954	1.274908235765283	0.7005595090776666	0.5065245941374596	0.4531308021951519	1.6934584476406764	1.8118843738572832	1.23681367418737	1.9520593514436908	0.8820484548325802	0.27663573164346245	0.8078080935089476	1.0688712433102328	0.9488100707037275	0.8570290585835865	1.0442262584817272	0.8619525033052828	0.6995259552148545	1.8739520236436569	0.721305356760368	0.8432143537163113	0.9885339285298611	0.3604474435237861	1.4769092627514304	0.6643298783523197	0.5364402331375686	1.1921284225014932	1.6140270821902472
1.0219678188337002	1.636686901336862	0.4931455992906024	0.2927263090401333	0.9178034311667238	0.616476863712814	0.2802077039637354	1.306347892710552	1.4474542398185026	1.0033979721415522	0.9216283783105643	1.0936675896832868	1.5877493781385437	0.7297117609378336	0.6164957481532525	0.7926158813387207	1.0084270871635383	0.6911688803144884	1.128114955322054	1.5944480925024804	1.6102575378362514	1.1344271121952159	0.2010835090758516	0.6565444834156837	0.7906720638479701	1.463874331202374	0.9107864723670445	1.1009319595402378	1.066958443801502	1.0946036872506477	1.7129539145202939	1.007965392189699	0.4136459050923804	0.7657707058786454	1.1647281937082223	0.8567181892615956	1.0062037689156733	0.860279134243404	0.5387458427786687	0.9757659951355784	1.3357423707447873	0.9910740633966395	0.985556101611518	1.7739133871408403	0.16927311622855412	0.2884999370899177	1.1058645827998541	0.517273651068459	0.9936749243348606	1.153337226438227	1.3151383791940843	1.2038285589298852	0.7243742464011291	1.0278701444804392	1.6868751088303153	0.9858377782044603	1.1380651164809916	1.590601812457584	0.18321524852995696	1.3832815643918857	0.7301425451263623	0.19635199112258972	0.7927656807985193	0.688377137422411	0.6400773808147089	1.5212208920647248	1.2509265387197914	0.6790501765419388	0.636941314686831	1.0706240559357816	1.3265926901411822	0.5962969615494216	1.0935072749018837	0.881477481985774	0.20501804947994273	1.2732983037086651	1.111530364120554	1.0353941457162732	1.2726029636232787	0.6632803817219095	0.49393744144218066	0.9883851106406805	0.9279516839593613	0.6002163935593343	1.103736969913332	0.9085647040367519	0.8262189779301365	0.9507720868199472	1.4988714808564914	1.2455956854782144	1.6843704766312873	1.017771717159401	1.303704682534593	1.7382253013414704	1.5509723638591253	0.8585035714116229	1.5320002104575108	0.6913715784775893	1.2270359416833525	1.908815715511956
