0.0	3.8044521287565187	6.576169933935709	10.247467492019673	13.112686452439869	16.474247479020093	19.537118032094703	23.154938890007895	24.21255017547718	22.168379485203697	19.743949630203172	16.027923945414766	13.716889151699084	10.158536410329983	8.205801240585833	5.505705131951766	5.363758849911134	5.890974197872539	7.960013630641596	10.831918205008751	10.965855005424794	14.057466379116828	14.826262273412002	17.11304283288042	14.435220815768634	12.475882373603882	15.968698757256334	16.70057879236525	13.809807565639716	15.238427838855294	18.684848487477762	17.91264318854144	16.783986594370244	19.175999478514804	21.708705580941484	21.88475035269994	23.238153390491252	21.32895353738669	24.609618404193107	24.61507383698046	21.183068451005866	21.119546775440046	17.740228634377857	18.23363249602229	16.303407067235977	18.4087563403941	21.442714823454608	20.877692065934873	20.872258406794412	18.200499004148213	19.99528576940075	19.254808464381046	19.696519844886307	17.46957343497545	13.828794090592282	11.11885335814804	11.922472604288089	15.505029184106682	14.99626440151013	13.096212085943018	10.268219319823665	8.100018888866863	5.390627050724247	7.399925810438911	9.636404568094884	12.050689523840534	13.673666260370698	17.181915754653204	18.55608304572924	22.32420948208469	24.274069353942288	27.10112658174933	29.538513317362472	32.173011842225776	35.45986951470634	37.06348409148822
3.8044521287565187	0.0	3.7955757139069166	6.897659748059481	10.078153898408182	13.208245227887009	16.33686643760057	19.945828912331518	20.734964914366262	18.54482421054457	16.084957289343354	12.363530644601486	10.217534340534412	6.6212377996867	5.690828234975993	4.696959548473882	6.316410768783169	8.500306406242071	10.33112157512436	13.347867095532528	12.601467533585128	15.090947518297186	14.930961288544019	17.13707685108519	14.659215258669205	11.93761554917899	14.897932608251386	15.903680706050405	12.700214210791875	13.286969970614066	16.93126749537671	16.357091734168396	14.565600502553954	16.550203261591683	19.457148249422367	19.652473686536254	21.51368487730542	19.99807918276153	23.28081489123609	22.75931888260279	19.352996796362053	19.42069226366558	16.131227851592698	16.642327541542983	15.045899175522878	17.35732577328662	20.20159842685722	20.075503729670146	19.91823855163905	17.695750111255528	19.92756435192219	19.36802522199927	20.52677115378841	18.505463301414533	15.216229559256789	12.17947273078765	13.799037973713967	16.98049875592587	15.743869727611443	14.221391879840736	10.745109771426256	8.997949210792425	5.788339658313084	5.544664281992194	7.984664614121247	9.545584005182711	11.506601105452472	14.684651204574115	16.059219719525604	19.870312554159785	21.870672486231424	24.99068094310357	27.335910612233132	30.233896788207765	33.32093651144877	34.6713268999039
6.576169933935709	3.7955757139069166	0.0	3.819588066794638	6.77802220415366	9.947527381213886	13.176477146794586	16.683829536410396	17.909160477252975	15.885729885655241	13.814036629457735	10.060518326607237	8.469334507504119	5.817336246083769	5.51349408270291	6.527909159907174	7.205428092764509	9.509232461140067	10.289467138778374	13.457000371553832	12.274856699774546	13.914565246532138	12.916332993539614	15.442852586229007	13.676067380647115	10.388151231090161	12.910658039000179	14.728726319678833	11.975634680466833	11.70171201149644	15.522679536729473	15.799427236453862	13.995003429795936	15.222359442609415	18.037321780131325	17.58889391064714	19.458898581368885	17.77700289700151	20.75843956081478	19.943381734299727	16.379776372099833	16.07155110746937	12.672972618924101	12.960253122528124	11.492018665143211	13.992422413577998	16.628973389839796	16.645550907074238	16.48116828383231	14.617211601396484	17.235976386616453	17.143557448791075	18.75968253995787	16.70132123515981	13.875274159453571	10.562959197118957	12.772671216311803	15.36230142263847	13.512480638284	12.548917881634255	8.756476174809132	8.129590211074603	6.030904658506881	4.647371837931628	5.266783648489843	5.979747569922998	7.718826724315037	10.938158254477761	12.563206159257279	16.356753528741574	18.637804377125544	21.7470948174693	24.322214413987883	27.31527257780892	30.336510758490338	31.53548601179313
10.247467492019673	6.897659748059481	3.819588066794638	0.0	3.8169838878360514	6.352489118447981	9.734592081849142	13.171167791809502	14.204902393188064	12.06906678248157	10.143830292350124	6.401085220491917	5.711633216515222	4.62008852729036	6.3713664154559515	9.008874124994753	10.28886548653446	13.014435101071424	13.661726794223345	16.650432246641525	14.96914646865345	15.932739281115474	14.09779702648609	16.352286109287594	15.054940385136039	11.381827753045643	12.876076188031817	15.012148347255298	12.376367278002055	10.921737087112108	14.660454188052974	15.399000876680285	13.043540776951634	13.38787369226346	16.450135987279864	15.817011727883369	18.19542676059015	16.992173051143283	19.75170407838271	18.280448079847496	14.856515506672485	14.620482960559137	11.557056286096387	11.799026061501856	11.021133698490367	13.62112645855694	15.74879858909879	16.296348670791257	15.931037034669151	14.801160967978154	17.752469433856238	17.921644595293145	20.182880765638984	18.442265207940157	16.180750786042037	12.975293368552403	15.601804286684283	17.62759586557395	15.268907426531866	14.828220021297227	11.026546240777298	11.007812952625967	9.23288828048948	6.551199126877459	6.242197289416603	4.51503178283387	6.27814837352543	8.50190208129922	10.121904267478527	13.824314341044188	16.2030577669772	19.600371578110455	22.077238527497048	25.344176707875125	28.082475781170007	28.949392722473476
13.112686452439869	10.078153898408182	6.77802220415366	3.8169838878360514	0.0	3.8402468670646637	6.465706844576235	10.07757535322857	11.529900866876519	10.235710967001753	8.454063460845319	5.463835100000732	5.115968139072015	6.285590027992599	7.578903614639787	10.881892528416186	11.710123355456169	14.567735685411101	14.95720084106649	17.452345114625714	15.166620388207788	15.264984081223279	12.685014032313882	14.561348872958165	13.925122117956457	10.156388777513396	10.577753542222469	13.153610378903581	11.18886307897277	8.807841108921075	12.271849453118303	13.81874154907024	11.710804839975772	11.191761523549365	13.877939328300869	12.655815975273976	15.029597898812861	13.934883027854953	16.415365728487444	14.644895151553664	11.29702124455823	11.205857843110453	8.609223077606945	9.46215990141786	9.913589158322026	13.031282669023797	14.296383493737151	14.634359774175296	13.60190372705233	12.835772590693558	15.728991989317056	15.94699956104596	18.74814822855847	17.512373168705608	15.940329043027942	13.216149893217768	16.404516725585065	17.748971744864548	15.327688540676968	15.822306563835756	12.241773319254037	13.309107408087145	12.316886538407344	10.014374269019509	8.586572599122425	5.559334672422593	4.861090515511926	5.6923922036346015	6.4405816507517395	10.144936323112136	12.388669541157357	15.817182618911625	18.2747822695648	21.577601650785933	24.27618820984876	25.147592509025593
16.474247479020093	13.208245227887009	9.947527381213886	6.352489118447981	3.8402468670646637	0.0	3.811836958737875	6.852317637121034	8.333011820464437	6.789596379756314	6.131488644693068	4.302711470689155	6.477391913417004	8.82737322197266	11.034482860560344	14.467616977235744	15.516823418470675	18.313353679760567	18.473720388703516	21.068855165860338	18.837244437549778	18.624212708192523	15.701671280472022	17.480810192894374	17.301398267192166	13.592855218827276	13.31865886641744	16.026250154044142	14.360006998605535	11.378076682814193	14.301822156634445	16.19242347519358	13.769561721420185	12.29044710334006	14.969995858382859	13.468815166895713	16.199148033152852	15.59491638323207	17.49750245034988	14.991586106880083	12.03589253026131	11.649680081444295	9.71070409393675	9.86271960465266	10.742571107514248	13.293257238164012	14.01009097043984	15.13873647303499	14.310528047559949	14.54708981205519	17.699349281823892	18.399448551519143	21.483967557227412	20.3054414874437	19.127969521096585	16.37616823313683	19.44474317135611	20.430158051273118	17.592662220369032	18.180593527165165	14.788947291812216	15.891694812070863	15.008786026857733	12.136919048918468	10.472218341879621	6.772204515517821	6.302441511033636	4.974790146327778	6.038178202073864	8.905572468965707	11.499956912962764	15.109791196439481	17.52232481721532	21.110149052055505	23.34017544921203	23.64641048869786
19.537118032094703	16.33686643760057	13.176477146794586	9.734592081849142	6.465706844576235	3.811836958737875	0.0	3.8322732157297965	5.5031717218345975	5.810486554497825	5.571434106224356	6.059430583809009	7.988525333251436	11.213785310946522	13.137437231058424	16.797708117478408	17.801863217090506	20.75062365327847	20.979946711085805	23.148097308418247	20.495874145788466	19.75749341389236	16.478147893498225	17.594985819829464	17.85766023307645	14.422511431786074	13.114202263195423	15.719834890990425	14.664244133265102	11.119247006879558	13.17373789021172	15.576875521104997	13.376663672231576	10.953297083526952	13.076835894053268	11.180909578384039	14.04022734858663	14.038665249944525	15.476101996303854	12.459201619686551	10.190913305489357	10.368372340922177	9.743141433849763	10.616888951100506	12.637357437375902	15.327320868305721	15.154647010075822	16.04621061185475	14.528116808451122	15.162670773976464	17.93432942710711	18.4936746483764	21.951628162849335	21.370453925923055	20.728651741008147	18.4871689828378	21.845136071903973	22.429851426168653	19.744829019264767	20.90315406822616	17.69872495407508	19.228553689760446	18.521216509722034	15.833681978617609	14.054447694591206	10.32137447242372	8.835839292336637	6.143331018266882	5.010755332282748	6.588667240041798	8.480589720060749	12.20945588468217	14.23188160434171	17.931270618670613	19.90411075632368	20.07531638604981
23.154938890007895	19.945828912331518	16.683829536410396	13.171167791809502	10.07757535322857	6.852317637121034	3.8322732157297965	0.0	3.8177507776176256	5.573020904321101	7.356886297884452	9.075043856643337	11.588413653300435	14.895302783092392	16.963534684728888	20.61350416595878	21.528052907775937	24.348595236686652	24.30465054264307	26.463123077218224	23.852021528583276	22.785256153925502	19.29587266749032	20.341679969953315	21.066293907567132	17.781549032634924	16.09424453026609	18.79790145202384	18.149419219357956	14.486654548238528	16.006677731496936	18.682619222154052	16.60740054915278	13.704067826744003	15.342094413736346	13.126622604463037	15.789157228934037	16.06822280154218	16.71369525269622	13.236390557852243	11.685213819181914	11.456780481444165	11.64599480508213	11.95846081232865	14.298948947387704	16.421684475107902	15.548003215847364	16.88947189819741	15.501238789206495	16.960049144975965	19.73464045783454	20.707615362469912	24.299901419553123	23.818072193189774	23.593016954175233	21.44400230833787	24.711743402682057	24.902822350087146	22.00705343747772	23.369175680797984	20.435595097769966	22.151087580522994	21.703935564777183	18.883593010865276	16.834669049316055	13.005941911295775	11.472182617096014	8.049688316947432	7.0665341575626694	6.555818331833182	8.323875539675015	11.624155582234783	13.483129236197358	17.253852787131343	18.599664109870375	18.09306425125385
24.21255017547718	20.734964914366262	17.909160477252975	14.204902393188064	11.529900866876519	8.333011820464437	5.5031717218345975	3.8177507776176256	0.0	3.773481283907474	5.571339964496872	8.680483857481676	11.349041104868725	14.962209262004055	17.49035865841521	21.257302016013224	22.764634435896394	25.9164126568474	26.360583358491898	28.559238400209484	25.82790146333999	25.089624170162452	21.76907377450864	22.514410074438988	22.78647076666327	19.505014611632568	17.816407887113492	19.957789306433714	18.91726795813814	15.199698845700857	16.447123669505253	18.64045171126494	16.104729491674174	12.985080900787644	14.91935166151666	13.492313663712384	16.700207274162793	17.708453376848016	18.659801017159854	15.138987614764732	14.037680755737393	14.58184261333251	14.799422218451635	15.444434207830337	17.55469737705552	19.741999645425988	19.180016918657813	20.555036365815557	19.112458057507933	20.253035772446555	22.90733426219646	23.472665400418418	27.073894880493274	26.717191581451818	26.205089353024537	23.985401935343923	27.308464566870104	27.862642013994293	25.06197386480163	26.146741842914192	22.94287998486676	24.22029252507079	23.21971950734978	20.14236674276387	18.717010097769354	14.980321358368784	14.072114944101326	11.12624945792606	10.009887212151789	9.878933697520191	10.689384313420486	14.023071204269055	15.041957618608022	18.798682001672347	19.805522411691136	19.12635383443483
22.168379485203697	18.54482421054457	15.885729885655241	12.06906678248157	10.235710967001753	6.789596379756314	5.810486554497825	5.573020904321101	3.773481283907474	0.0	3.768352690500187	6.397055650844377	9.830300554916924	13.05913706950042	16.099358589707855	19.734237608785396	21.50331486073717	24.613729989581017	25.112870843453962	27.686069150386807	25.280007852055746	25.016412212785433	21.95026883662248	23.17076463995092	23.027638719590858	19.479496759413472	18.50154893515675	20.692855312885168	19.045810825480757	15.605582270456942	17.571566634765382	19.30949686035346	16.345949987688083	13.85702020637915	16.512213025515386	15.474869983298726	18.827374378813417	19.443354700256847	20.874101729176278	17.612696698688705	15.82930352226528	16.01199078815623	15.308964987875568	15.44253751816715	16.768581722972282	18.70651595033132	18.79473665684093	20.524743725562082	19.635188056140436	20.55785448435707	23.565595218453534	24.233605839824993	27.60600863942486	26.77808703025666	25.80647719081394	23.15596884174791	26.2236811679825	27.14611406813137	24.191119258934673	24.742842884357486	21.392671385313243	22.168752851705484	20.86965014081453	17.517587134077573	16.450036291753282	12.899973992221847	12.934436439211412	10.64683398950129	10.688421539217096	11.631281012854947	13.275422479152972	16.83076970907748	18.288954808845688	22.07388987016108	23.340005419879404	22.764498457027333
19.743949630203172	16.084957289343354	13.814036629457735	10.143830292350124	8.454063460845319	6.131488644693068	5.571434106224356	7.356886297884452	5.571339964496872	3.768352690500187	0.0	3.80617248689546	6.5564163229618035	10.019767512272926	13.053437440000241	16.73733007382002	18.81905263290371	22.176093298865784	23.145984144123148	25.56291726309812	23.000223716303285	23.032055444532087	20.228211141868183	21.18674925513586	20.566441865330038	17.088616035244048	16.278705691792577	18.008331710627722	15.9993002972005	12.71650738213917	14.762613454263443	16.044537170015225	12.852027738843393	10.67045130254574	13.739569316394165	13.314147550631997	16.882955606172754	17.636760019912955	19.638825855941594	16.734126657821136	14.838805275358258	15.673996650503662	14.765140940742826	15.597003333974126	16.855937499884128	19.331636480132765	19.811162611013017	21.00377920756167	19.781554741728467	20.008699782844463	22.764069275944493	22.88207800878233	26.14965898439213	25.46920185243346	24.196216915046865	21.652041451096473	24.846628865904528	26.122029955575808	23.513479389490616	23.965009910283783	20.385728610967035	20.954427336484287	19.265921493663363	16.089585358237173	15.527897024388073	12.223769508625397	12.318497229776039	10.75105250661534	10.297853805526662	12.062265210150205	13.259721565704163	17.009831539436245	18.272313208786674	21.9623156338306	23.61497798008713	23.585302499650076
16.027923945414766	12.363530644601486	10.060518326607237	6.401085220491917	5.463835100000732	4.302711470689155	6.059430583809009	9.075043856643337	8.680483857481676	6.397055650844377	3.80617248689546	0.0	3.7925682591088585	6.667364246836979	9.856238937850485	13.412442320472437	15.45149640002547	18.70499411921854	19.669663825291988	22.281620632261024	19.976587646542644	20.368734889531066	17.86479703215237	19.248765700688445	18.3071333091776	14.66913886361432	14.625348884727504	16.486786042161157	14.074903445494751	11.271747202630126	14.124734227588142	15.139982826938747	11.988320649699023	10.806167035540403	14.169054096868992	13.75808882076286	17.040551722288807	17.09764080216917	19.514073229338873	17.094460681753024	14.505579650603417	15.011548021440028	13.24659269397229	13.916467511549044	14.521009606773216	17.0823836158775	18.171745348204727	19.21063871920973	18.272800907359553	18.025164021445132	20.907527902647892	21.008574939771616	23.974687151243497	22.932641496347518	21.283014542117854	18.49978880960537	21.52559585702566	23.094217891065288	20.550732687668344	20.674367438932688	16.991191306085636	17.30178979181056	15.481327268680813	12.352572930365564	11.996270545465373	8.986885333640352	9.640762366120224	9.176558559721613	9.522587988566974	12.312173285005372	14.083092593603155	17.857545352035373	19.63616380559095	23.233146257018227	25.355823749190243	25.698445303169606
13.716889151699084	10.217534340534412	8.469334507504119	5.711633216515222	5.115968139072015	6.477391913417004	7.988525333251436	11.588413653300435	11.349041104868725	9.830300554916924	6.5564163229618035	3.7925682591088585	0.0	3.7890824746896192	6.527358883959119	10.214524217994688	12.490270173218834	16.011924337817735	17.499494306979276	19.79643472951632	17.28676696204354	17.969875041301762	15.84583380576737	16.89555145593064	15.419180004137706	11.958387725776415	12.235949166288654	13.528040360673087	10.699274227722178	8.357693641190734	11.4411137132711	11.890642623508628	8.733614257568284	8.499136191402044	12.024393955622045	12.18241577028136	15.300040816939019	15.281103984987473	18.231513541118854	16.40587467951648	13.770836176499957	14.861386745522775	12.999512298544126	14.42724443544227	15.013341200412384	18.041416075241987	19.349069925968017	19.70644052080436	18.4000983421285	17.393330790851994	19.832725304405344	19.307956106227298	22.067107513219764	21.24097558964748	19.33159315731634	16.826737414008694	19.974705329491098	21.837085290853263	19.81176685709783	19.946887551695877	16.18493645338158	16.413135775957013	14.350176166166046	11.829584523557875	11.947427882184517	9.601927827264689	9.938151588700988	10.35304790870785	10.07272088365403	13.288103137769513	14.532072770255455	18.17449052931058	19.781104342275736	23.112821268724417	25.598903218692787	26.471622711877714
10.158536410329983	6.6212377996867	5.817336246083769	4.62008852729036	6.285590027992599	8.82737322197266	11.213785310946522	14.895302783092392	14.962209262004055	13.05913706950042	10.019767512272926	6.667364246836979	3.7890824746896192	0.0	3.796655633580693	6.951707919641042	9.64671814660302	13.114096575822522	14.948203269958569	17.434305434975034	15.348915205968142	16.759025180481114	15.336707697547086	16.728692985406838	14.645854225684484	11.32207176271198	12.743430385889036	13.746929620828064	10.390213712912741	9.346622973031492	12.827263192123253	12.558326879007415	9.733537383705887	10.852944761676438	14.249364406877943	14.678558307953818	17.3490157934103	16.805355366668092	20.059384187955523	18.793756888924577	15.836789163211082	16.666399551192814	14.17822294929798	15.382781217972255	15.154918871442366	18.05544145126338	19.9964943177548	20.166541845343737	19.215192973269875	17.647969004959183	20.015039470358285	19.33268861281327	21.55736584093706	20.361123004392464	17.87870873413402	15.177356357416134	17.943949704566162	20.337719783692567	18.59779078277847	18.166061570962484	14.361628250306438	13.927797313286836	11.377264785527318	9.238658235912832	10.266412274986816	9.13128545167656	10.274696345878061	11.951082335922548	12.339863289356167	15.93138239450676	17.427515743788618	20.91099930658504	22.745037194957494	25.906316391953524	28.649283272012234	29.74970737671213
8.205801240585833	5.690828234975993	5.51349408270291	6.3713664154559515	7.578903614639787	11.034482860560344	13.137437231058424	16.963534684728888	17.49035865841521	16.099358589707855	13.053437440000241	9.856238937850485	6.527358883959119	3.796655633580693	0.0	3.7954842905747856	6.203961395753521	9.893138379705398	12.117864044459319	14.155202930371573	11.893626612602231	13.573539368933954	12.686610303780911	13.899209509896595	11.362043742214691	8.392814843662403	10.525567443135785	11.111254024636462	7.623695494968301	7.855060598111259	11.391546383173797	10.812849115751135	8.957396831669344	11.013422447177808	13.801214584231344	14.250711631353713	16.24146720588999	15.219301068051713	18.717720908272998	18.168051464039834	15.158406149724318	16.148136920400447	13.601592480294356	15.281790405577484	15.031863024921426	18.20091525171193	20.184318195074116	19.664984261371785	18.4596860482512	16.224174740183244	18.062319037155778	16.88531536572533	18.738154818444638	17.689556975797895	15.020761432097906	12.743701738505964	15.566851608465985	18.094136232492556	16.970327751696487	16.707246122566097	13.105716081160919	12.91055599112602	10.68310937882787	9.803591586760435	10.682387794870582	10.267662733066373	10.675515022704994	12.896047030001094	12.926421623945279	16.58234799417742	17.797550308961064	20.920958534445788	22.77980006496984	25.58568234384223	28.65676286673008	30.201935120121032
5.505705131951766	4.696959548473882	6.527909159907174	9.008874124994753	10.881892528416186	14.467616977235744	16.797708117478408	20.61350416595878	21.257302016013224	19.734237608785396	16.73733007382002	13.412442320472437	10.214524217994688	6.951707919641042	3.7954842905747856	0.0	3.7593302595010183	7.17309765721895	10.16627257159673	12.031368043576757	10.389948074942437	12.990786504288337	13.185309552680211	14.483898577385853	11.388610319086347	9.280501818328576	12.283964058885877	12.33360859602736	8.94136175311121	10.528744559537952	13.738263718534448	12.567704205621649	11.414548479900551	14.129245592033566	16.58032403181554	17.230421265889003	18.73974231413015	17.377354401634328	20.956391220818535	20.946047574661907	17.90633083576867	18.74469442268932	15.979729315604814	17.501934550214724	16.706140817076815	19.641176059492974	22.00177833721629	21.199766248711324	20.243715716241425	17.5324500569658	19.0167833767964	17.586731532607185	18.698856783236778	17.42877359426073	14.242207027002522	12.160464999332877	14.33836392340493	17.3779785072948	16.87024958321601	16.115840716512434	12.852143984565373	12.033059004259888	9.625245815042854	9.984612611413622	11.537260073344969	12.309295715027726	13.02573951835365	15.822518826027668	16.128449801515334	19.813421360280003	21.06037088942168	23.956857285545617	25.88182084011865	28.456658517823207	31.69986162430366	33.46009196042354
5.363758849911134	6.316410768783169	7.205428092764509	10.28886548653446	11.710123355456169	15.516823418470675	17.801863217090506	21.528052907775937	22.764634435896394	21.50331486073717	18.81905263290371	15.45149640002547	12.490270173218834	9.64671814660302	6.203961395753521	3.7593302595010183	0.0	3.7789937814185404	6.686828994373941	8.306692783533048	6.784352364080158	9.67323679023728	10.474164023920956	12.130496857095341	9.161827601521436	7.569158077355764	11.195740841945208	11.564612444868178	9.028755728227447	11.097124762748232	14.198718745013577	13.5580650905651	13.282206179697708	15.825055734499008	17.712043049857346	17.790883648655566	18.621245017452512	16.570301204263004	19.947374589153334	20.42203528054929	17.24058583691401	17.691109886041634	14.790626389710475	16.265835514968174	15.283384212928757	18.178188276063157	20.529952898143726	19.230804585352114	18.32477421416155	15.220524990945615	16.351369912028776	14.89188846318693	15.50844650505008	14.038266452806772	10.679958099168742	8.89880739200484	10.968088438738997	13.994261288113782	13.984071688889472	13.440491583271797	10.634855382185505	10.384952238696142	9.06587210366438	10.500268044197728	11.247202052066104	12.452962258033226	12.563804598926236	15.67803093503773	16.059752955758693	19.636817919408426	20.97133572283845	23.472225693359377	25.66389717092866	27.968948389240524	31.414269416938538	33.379452511987076
5.890974197872539	8.500306406242071	9.509232461140067	13.014435101071424	14.567735685411101	18.313353679760567	20.75062365327847	24.348595236686652	25.9164126568474	24.613729989581017	22.176093298865784	18.70499411921854	16.011924337817735	13.114096575822522	9.893138379705398	7.17309765721895	3.7789937814185404	0.0	3.8115275153145616	5.239782533655381	5.46803703352492	9.005215821955629	10.88455281580277	12.90931500893831	10.263751409694217	9.586807497806557	13.391734204351577	13.866445723400064	12.026917892793643	14.333049012683938	17.233352836868395	16.72688832389336	16.866431898893136	19.39319924612749	21.015536419515918	20.84213475150758	21.222977312337683	18.726678349349623	21.836033957658152	22.68881955942177	19.44351238845492	19.438547913874636	16.387452547604827	17.462831872293798	15.971883326646234	18.42494078687907	20.987532060725957	19.40043476316961	18.891753597800285	15.53965086480388	16.332916518491114	15.023464713573896	14.734941771177787	12.789770013569438	9.056413694172766	7.654077410112859	8.534249234701317	11.909998866498686	12.654423850970064	11.74106102530772	9.833772673801239	9.447140678533373	9.046744884211117	11.647259377209728	12.233967876367828	14.224104224871246	14.347240919424195	17.757403807989498	18.472837221174228	21.931789667056353	23.445518846892682	25.640086992832142	28.053196680592393	30.14122754633593	33.7020276096261	35.77575226322991
7.960013630641596	10.33112157512436	10.289467138778374	13.661726794223345	14.95720084106649	18.473720388703516	20.979946711085805	24.30465054264307	26.360583358491898	25.112870843453962	23.145984144123148	19.669663825291988	17.499494306979276	14.948203269958569	12.117864044459319	10.16627257159673	6.686828994373941	3.8115275153145616	0.0	3.7951786519214066	5.432755930464758	8.07094455438767	9.910599679131431	12.720300232305837	11.085503371520847	10.356247196740721	13.975441066384986	15.242582359954625	14.053711111304368	15.859994640604391	18.821151133764374	19.00150865063088	19.21929038752472	21.253770888950505	22.73005413543927	21.943192908052374	22.066873362576764	19.123080138931595	21.773235887207946	22.648071639766595	19.233492194606782	18.527586270208	15.292473213970329	15.793280184939418	13.889244003904606	15.921841633429219	18.52737385600021	16.769168226241874	16.714748278092614	13.406966435402158	14.275197231562162	13.659352620091482	13.020155567426988	10.323485893824818	6.522612590059294	4.76045848632251	4.738095608997354	8.260961868935118	9.191655182827521	8.269126314188217	7.175394414246511	7.598337252320406	8.792663362144603	11.726657537423014	11.378012128662899	13.629169710587657	13.468231212746538	16.985347803327432	18.101143858883617	21.35164714957607	23.207641715607387	25.131924498533735	27.905390984539174	29.918765783367466	33.48866591848651	35.478875123092614
10.831918205008751	13.347867095532528	13.457000371553832	16.650432246641525	17.452345114625714	21.068855165860338	23.148097308418247	26.463123077218224	28.559238400209484	27.686069150386807	25.56291726309812	22.281620632261024	19.79643472951632	17.434305434975034	14.155202930371573	12.031368043576757	8.306692783533048	5.239782533655381	3.7951786519214066	0.0	3.796156477280671	6.474299421559061	9.549531978060497	11.589873985509938	9.982377472325922	10.605560286943827	14.038690822152896	14.725147741194311	14.220927852991869	16.6054141471991	18.979361922888767	19.043512123555363	19.98174982327624	22.212628660291422	23.139487418696202	22.40533744445729	21.93695879104485	18.841110237987568	21.379459534796478	22.873282755214653	19.80350032191279	19.394077755851143	16.64819281483729	17.668647543035092	16.283594259253697	18.475235154119147	20.64496381687311	18.313204689512972	17.78678956416812	14.137531043290409	13.97173178242411	12.656812592434163	11.182242619439089	9.08625819575913	5.543145136111808	6.263682622866518	6.107096609682868	8.627780363453857	10.809111989428178	10.749973534851142	10.417412538629732	11.31220146567413	12.527387916082107	15.405383279879795	14.974446534012534	16.861258968416326	16.124608553388203	19.33293792986467	19.879971579456548	22.862210676135412	24.250762689037227	25.76712956462167	28.324102545358787	29.916779555961565	33.615405426679	35.93768218736428
10.965855005424794	12.601467533585128	12.274856699774546	14.96914646865345	15.166620388207788	18.837244437549778	20.495874145788466	23.852021528583276	25.82790146333999	25.280007852055746	23.000223716303285	19.976587646542644	17.28676696204354	15.348915205968142	11.893626612602231	10.389948074942437	6.784352364080158	5.46803703352492	5.432755930464758	3.796156477280671	0.0	3.768443312562893	6.648171853976101	8.196862509521555	6.217650360063683	7.033996659083657	10.393090204554177	10.933722330478307	10.6578090149899	13.095710557277908	15.25987401651796	15.458257793166736	16.628558386101904	18.766612160962886	19.46618149509554	18.74179388425772	18.204099346026435	15.202787211560912	17.926358525924893	19.457944290186465	16.539446091087814	16.607755055997185	14.191999718151067	15.901240140316101	15.256737200332187	18.06486916642354	19.822039526749005	17.404263098448034	16.166207316498202	12.4278582225579	12.132712845856032	10.179903192074077	9.530147218170345	8.328996338095003	5.210678842530979	6.119274139961371	8.021662234225522	9.927992647056099	11.44585820286098	12.193613533321447	10.976626075438663	12.39368444006866	13.12195000752556	15.256275626770776	14.614785150661643	15.696742400893251	14.431655518338847	17.25751085759473	17.20845832722967	20.118726326484985	21.133204844509507	22.659664737149136	24.988816318505364	26.56638588517452	30.273270223086236	32.68000478886134
14.057466379116828	15.090947518297186	13.914565246532138	15.932739281115474	15.264984081223279	18.624212708192523	19.75749341389236	22.785256153925502	25.089624170162452	25.016412212785433	23.032055444532087	20.368734889531066	17.969875041301762	16.759025180481114	13.573539368933954	12.990786504288337	9.67323679023728	9.005215821955629	8.07094455438767	6.474299421559061	3.768443312562893	0.0	3.7939464940876553	5.292328599019528	5.180857168461609	6.531935241565092	8.846666321276052	9.985762915270918	10.922920030834241	12.787564506191162	14.480642872469438	15.487143474508139	17.038362861495816	18.57730790507602	18.736324586214874	17.406964611901753	16.310266766671845	12.909109419320917	15.10839193958113	16.944775153421187	14.22351187295177	14.109835753827896	12.205407694952266	14.185801246316686	14.181558341733815	17.10056943496327	18.20178732982011	15.3308948532041	13.60546632791394	9.793932254207194	8.74267361852197	6.489508147772064	5.926873121638423	5.420777158304886	3.931931967875333	6.272339037392669	8.783630115163094	9.200735024985775	10.709351567672059	12.60929030516785	11.751366431185778	14.133901761367948	15.404926776846427	17.115785316484896	15.701774358332882	16.136351043529018	14.03241468885523	16.29258806942593	15.83116606570723	18.22397678883509	19.00832706999751	20.037074861366367	22.41561910811299	23.705049208976554	27.44922594537048	29.958447723471924
14.826262273412002	14.930961288544019	12.916332993539614	14.09779702648609	12.685014032313882	15.701671280472022	16.478147893498225	19.29587266749032	21.76907377450864	21.95026883662248	20.228211141868183	17.86479703215237	15.84583380576737	15.336707697547086	12.686610303780911	13.185309552680211	10.474164023920956	10.88455281580277	9.910599679131431	9.549531978060497	6.648171853976101	3.7939464940876553	0.0	3.8294378177481856	5.317514927106462	5.025292230308604	6.276848014728408	8.686196233104566	9.91042834593944	10.672131652111496	12.448446248427953	14.258050953759424	15.514158211130889	16.350941410206325	16.487512517053624	14.617644577701292	13.663299674675951	10.129234225744804	12.15660121086482	13.559410791033656	10.616209869817004	10.322785331488785	8.538160281934275	10.88529893939528	11.581637233137634	14.842268862946796	15.473952759395383	12.690442269676813	10.45490497326494	6.812185332182323	6.319106424171062	4.480853266957085	6.256195729035337	6.020375818833903	5.770891872145934	6.6935136512895825	10.116129892404508	10.001102189258942	10.264401638673343	12.720269415385824	11.344037596905258	14.230372061193624	15.4688741995014	16.399192083758273	14.437142168725776	14.044257652150932	11.32531474176325	13.032714452484564	12.27550605881485	14.475377508030661	15.303005783178676	16.375661788153785	18.92712788565661	20.442365861122823	24.125182092577038	26.45591612475365
17.11304283288042	17.13707685108519	15.442852586229007	16.352286109287594	14.561348872958165	17.480810192894374	17.594985819829464	20.341679969953315	22.514410074438988	23.17076463995092	21.18674925513586	19.248765700688445	16.89555145593064	16.728692985406838	13.899209509896595	14.483898577385853	12.130496857095341	12.90931500893831	12.720300232305837	11.589873985509938	8.196862509521555	5.292328599019528	3.8294378177481856	0.0	3.8147737809731264	5.51098085643563	5.198669348977677	6.375218506059221	8.891791832920964	10.037374158613398	10.646903587428598	12.44586055682772	14.535494797219664	15.416765516800206	14.760787546740179	13.078136755669746	11.368525234171758	7.870895755884459	10.018442044549642	12.237831629827237	10.16161768617576	11.016920213925488	10.43969017739511	13.505959314317515	14.888103337900363	18.283576810897806	18.502551283539248	15.628657427943065	12.785972782702142	9.523847699328249	7.964574188241327	4.543356688616908	6.499654221572098	8.229754978126627	8.622516164090385	10.26687620457167	13.486093059148006	13.328923474909741	13.987700204107892	16.480745007432155	15.070823832823471	17.73303124116122	18.576369155462	19.379731706089224	17.707402576323833	16.981815126776052	14.134023277184737	15.250557039006805	13.593433304356926	15.333112469423812	15.197408989692947	15.863137552199438	17.76821572358913	18.81151828003258	22.587405096646226	25.30981766034675
14.435220815768634	14.659215258669205	13.676067380647115	15.054940385136039	13.925122117956457	17.301398267192166	17.85766023307645	21.066293907567132	22.78647076666327	23.027638719590858	20.566441865330038	18.3071333091776	15.419180004137706	14.645854225684484	11.362043742214691	11.388610319086347	9.161827601521436	10.263751409694217	11.085503371520847	9.982377472325922	6.217650360063683	5.180857168461609	5.317514927106462	3.8147737809731264	0.0	3.7777412563594157	5.355118299346897	5.016129583653113	6.335221622011336	8.72491575890564	9.791781196493309	10.481440454441364	12.50714539773165	14.25561994442893	14.099136214676411	13.332208594227739	12.312738972300192	9.524060216105312	12.550143505155628	14.384605243106256	12.134086080129808	13.393880692316177	12.182806901531356	15.148450811881727	15.992346481989442	19.474361966441933	20.31781708255097	17.812982961873626	15.365210411836216	11.953558967939216	11.138301710763631	8.04451073714244	9.140913630485741	10.051121131495732	8.940435448008113	10.033534372293746	13.166674940925674	14.063026487922153	14.829003270618026	16.538412348227386	14.68007166195043	16.62194411012142	16.82800653672324	17.79229198276602	16.834406107730683	16.498887659475717	14.325608573460329	15.996035415064576	14.591101740444417	16.989034139703175	16.99057959576424	18.29014264569853	19.999830424281104	21.35029130948803	25.063329906458957	27.717046686109978
12.475882373603882	11.93761554917899	10.388151231090161	11.381827753045643	10.156388777513396	13.592855218827276	14.422511431786074	17.781549032634924	19.505014611632568	19.479496759413472	17.088616035244048	14.66913886361432	11.958387725776415	11.32207176271198	8.392814843662403	9.280501818328576	7.569158077355764	9.586807497806557	10.356247196740721	10.605560286943827	7.033996659083657	6.531935241565092	5.025292230308604	5.51098085643563	3.7777412563594157	0.0	3.805319566081143	5.378905186002069	5.109440282457556	6.3475839498190165	8.714664996429866	9.833721320029362	10.759333576016683	12.155648275595997	12.80188021346864	11.815810213438601	11.77252547247191	9.17749998637973	12.419023512337835	13.254145804238007	10.344193250321648	11.35323376840273	9.528599110047605	12.372116189237799	13.150395393295215	16.773468365248732	17.7883527624117	15.798826380462568	13.559893288665661	10.481449374967186	10.905137504864394	8.83204766744383	10.812994913528815	10.77703080630282	9.257479732627019	8.884857961723418	12.48564319528634	13.658372194372214	13.468531805657216	14.944848276245564	12.443966449649405	14.335770122319904	14.28293642777983	14.6767994126785	13.587107712828363	12.90181518236872	10.803036795271968	12.547900222746435	11.40299649215065	14.25221793265876	14.775932390208073	16.695898807791092	18.729149847230122	20.690051957402133	24.262436336856194	26.512627406577415
15.968698757256334	14.897932608251386	12.910658039000179	12.876076188031817	10.577753542222469	13.31865886641744	13.114202263195423	16.09424453026609	17.816407887113492	18.50154893515675	16.278705691792577	14.625348884727504	12.235949166288654	12.743430385889036	10.525567443135785	12.283964058885877	11.195740841945208	13.391734204351577	13.975441066384986	14.038690822152896	10.393090204554177	8.846666321276052	6.276848014728408	5.198669348977677	5.355118299346897	3.805319566081143	0.0	3.8186458332765034	5.445844746226246	5.069864988340422	6.233090645899513	8.622863909398088	9.972752578902178	10.395937668147113	10.213468656631791	8.578719601432375	8.097634531145502	5.415281617792376	8.785378420990186	9.614095069219983	7.138272410044323	9.055592084452567	8.500624682927716	12.052182126071608	13.890180632374795	17.644347593492935	17.89752527585867	15.874894834297324	12.943967977401671	10.467220834586415	10.574574648656084	8.395645597570203	11.316612302274915	12.188762037221004	11.763075363186275	11.77132685809038	15.507434636328473	16.001670600284207	15.555991450241926	17.593376566196717	15.16865729061079	17.43051341756748	17.450130085475006	17.30077599415702	15.84014611675031	14.307819190917948	11.561253435506028	12.135939559836313	9.917337041766809	12.047341989003215	11.780300293286247	13.430245939669161	15.142908868510041	16.99457522269974	20.56890191527005	22.932697115690516
16.70057879236525	15.903680706050405	14.728726319678833	15.012148347255298	13.153610378903581	16.026250154044142	15.719834890990425	18.79790145202384	19.957789306433714	20.692855312885168	18.008331710627722	16.486786042161157	13.528040360673087	13.746929620828064	11.111254024636462	12.33360859602736	11.564612444868178	13.866445723400064	15.242582359954625	14.725147741194311	10.933722330478307	9.985762915270918	8.686196233104566	6.375218506059221	5.016129583653113	5.378905186002069	3.8186458332765034	0.0	3.837209011768841	5.376585812576601	4.976430347146437	6.097873891775725	8.656736914103375	9.990624805286203	9.235760174452345	8.86015180456859	8.04131736719799	6.419633244975914	10.084928854483802	11.502640392535968	10.012880754308421	12.559675951233773	12.307926064126315	15.852454762591186	17.52810982393709	21.276097715511643	21.685210144243467	19.597060238719475	16.652883083718564	13.986995674554272	13.53388787451706	10.611091414176013	12.84447359762166	14.239771627382229	13.551555261297496	14.019057314955235	17.516324072133397	18.369634563594342	18.458423822201066	20.23484329072009	17.808767615980614	19.630076973868437	19.22342425271835	19.292847742103806	18.444952941116437	17.197931445380284	14.886071644325776	15.599393610009331	13.253607282547648	15.284008800049806	14.425530250219575	15.918338920879904	16.89209747189496	18.359059098984346	21.894674192597613	24.54620217060065
